nothing special
nothing special
273
0.0232465 0.0433796667 0.043618207879522954
0.0325451 0.01899545 0.013449096679094033
0.0418437 0.010583775 0.0071741052217253395
0.0511423 0.01033355 0.004417996773722052
0.0604409 0.0066148249999999995 0.002980189357740582
0.0697395 0.004621461667 0.0021584132656781952
0.079038 0.003984389167 0.0015594892117025702
0.0883366 0.003842909167 0.0012633490815051323
0.0976352 0.003241140000000001 0.0010628172350588751
0.106934 0.00350054 0.0009218206710187381
0.116232 0.003073480833 0.0008092829513223925
0.125531 0.002938 0.0007309830271467601
0.13483 0.003256913333 0.0006753491505565407
0.144128 0.003109825 0.0006250377719740599
0.153427 0.0030267664167 0.0005847231659912289
0.162725 0.0030088834167 0.0005527702730980072
0.172024 0.0031089981666999997 0.000529546776118025
0.181323 0.0032108841666999995 0.0005088661550271969
0.190621 0.0027557373333 0.00048147454225275964
0.19992 0.0026415373333000002 0.0004614779846668224
0.209218 0.0028343756667 0.00045005152076649756
0.218517 0.002927642 0.00043862774330307645
0.227816 0.0027832130833 0.0004248982299738741
0.237114 0.0027458514166999997 0.0004132539501307898
0.246413 0.0028088180000000003 0.00040381770055244553
0.255711 0.00273852975 0.0003945198419817105
0.26501 0.0026933274167 0.00038445309593825754
0.274309 0.0025761065 0.0003742297231062875
0.283607 0.0027723132499999996 0.0003706212820087958
0.292906 0.00271833725 0.0003629810886448815
0.302204 0.002674127 0.00035627194107180394
0.311503 0.0026247484166999997 0.0003499966858259596
0.320802 0.0022598522500000004 0.00033860160602845735
0.3301 0.0024430225 0.00033497572182416917
0.339399 0.0025112246666999997 0.00033062493681391866
0.348697 0.0024973551667 0.00032685520991911657
0.357996 0.0024650094167000002 0.0003220295803756688
0.367294 0.0026722155833 0.0003198114818818565
0.376593 0.0026173919167 0.00031478006530666656
0.385892 0.00266354075 0.00031138100653333665
0.39519 0.0027053303333 0.00030811879180194754
0.404489 0.0026516736666999997 0.0003032384137088506
0.413787 0.0025982263333000004 0.0002989080107874255
0.423086 0.0026522811667 0.00029606684702112825
0.432385 0.0025540989999999998 0.00029162454046825705
0.441683 0.0026710290833 0.0002901716849155346
0.450982 0.00259287325 0.0002865056195847149
0.46028 0.00242604875 0.0002813205939921364
0.469579 0.00272601925 0.0002818633055215381
0.478878 0.00259501675 0.00027683798996392013
0.488176 0.002337417 0.00027085179057096407
0.497475 0.0023108250833000004 0.0002680033404300466
0.506773 0.0023124766667000003 0.0002655778447038075
0.516072 0.0024637786666999997 0.0002648748145110175
0.525371 0.0025182670833000004 0.00026295655246911506
0.534669 0.00264237225 0.0002619412631075059
0.543968 0.00283560375 0.0002628191597225904
0.553266 0.0028330466666999995 0.00026029527493699365
0.562565 0.0027422401667 0.0002570862253781501
0.571864 0.0027152421667 0.0002546107646849059
0.581162 0.0026001136666999997 0.0002516077968584729
0.590461 0.0025518694167 0.0002490148510029302
0.599759 0.0023905330833 0.00024496113406579425
0.609058 0.0026033370833 0.0002451035329260787
0.618357 0.0026992408333 0.000244207069107142
0.627655 0.0024853017499999997 0.00024000897895517454
0.636954 0.0026018062499999998 0.0002391794368984018
0.646252 0.0026966219167 0.00023848855356858672
0.655551 0.00259256825 0.00023574458814374274
0.664849 0.0026138588333 0.0002338612053200369
0.674148 0.0029818466666999997 0.00023632538405438618
0.683447 0.0028964013333000003 0.00023393190167016965
0.692745 0.0025872739999999997 0.00022944670895423853
0.702044 0.0026450049166999996 0.000227980765639823
0.711342 0.002642066 0.00022650884338319796
0.720641 0.00268895525 0.0002257796551068398
0.72994 0.0026067795833 0.00022354542175866569
0.739238 0.0025430729167 0.00022137355753621332
0.748537 0.0026795251667 0.00022106247499656008
0.757835 0.0027763187500000003 0.00022093889432322694
0.767134 0.0026798024167000003 0.00021844675805998554
0.776433 0.0026531620833 0.00021671461081502563
0.785731 0.0028033350833 0.00021667866155735083
0.79503 0.0028565248333000002 0.00021609070098055393
0.804328 0.0027526440833 0.00021404464980600982
0.813627 0.002754962 0.00021241979716144012
0.822926 0.0027924614167 0.00021154370978376336
0.832224 0.0027434183332999997 0.0002099288001970041
0.841523 0.0027908910833 0.0002091583640014466
0.850821 0.0027819850833000004 0.0002079657362413481
0.86012 0.0027117945833000003 0.0002064091800251332
0.869419 0.0027393895000000002 0.0002056222591798862
0.878717 0.0028847423333 0.00020597205226983645
0.888016 0.0028671085833 0.0002050093527966663
0.897314 0.0029206133333 0.00020415576047180995
0.906613 0.0029278340833 0.0002030099420523823
0.915912 0.0029161710833 0.00020151961815126845
0.92521 0.0027661738332999996 0.000199182250487343
0.934509 0.0028109490833 0.00019878279268357443
0.943807 0.0028353605 0.00019823408348582905
0.953106 0.0027946866667 0.00019693709733312968
0.962405 0.0029063619167 0.0001970135004093581
0.971703 0.0029500586667 0.00019625047662781184
0.981002 0.0027592934167 0.0001943627517799817
0.9903 0.0027464361667 0.00019297136539562248
0.999599 0.00298509825 0.00019399731582420496
1.0089 0.0030351776667 0.00019352525054635146
1.0182 0.0030224830833000004 0.0001923577581346743
1.02749 0.0030219325833 0.0001915262130247026
1.03679 0.0029044189167000004 0.00018964194044383738
1.04609 0.0029082094167 0.00018866499100125315
1.05539 0.0029303099167000005 0.00018818706912485044
1.06469 0.0028817375 0.000186841154821854
1.07399 0.0029279934167 0.00018639119990640198
1.08329 0.00293097 0.00018547036459341877
1.09258 0.0028783072500000004 0.00018448532953766353
1.10188 0.0028260106667000002 0.00018313293679689396
1.11118 0.0029455956667000004 0.00018325222654534554
1.12048 0.002941279 0.00018275388989442894
1.12978 0.0029426955833 0.0001820493278960943
1.13908 0.0029867670832999997 0.0001812825930793273
1.14838 0.00297369875 0.00018051237589025072
1.15768 0.0029528469167 0.0001795052758918137
1.16697 0.0030677167500000003 0.00017963109545067395
1.17627 0.003110097 0.0001792875366085786
1.18557 0.00307760625 0.00017840381075156887
1.19487 0.0030225225000000003 0.00017724426951025172
1.20417 0.0027884585833 0.00017466633409983642
1.21347 0.0028472903333 0.00017462685975316473
1.22277 0.0030302398333 0.00017529963184202376
1.23206 0.00295669525 0.0001737286265483708
1.24136 0.0029100569999999997 0.00017269060037938466
1.25066 0.003050928 0.00017327492167548727
1.25996 0.0029375685833 0.00017187828213568313
1.26926 0.0027777326667 0.00016999178995507697
1.27856 0.0028118462500000005 0.00016958822816180223
1.28786 0.0029580630833 0.00017009810491854028
1.29715 0.0029094604167 0.00016908985893572634
1.30645 0.0028905985 0.00016852340535661173
1.31575 0.0029496080833 0.00016826699550771145
1.32505 0.0030485361667 0.00016835831392409604
1.33435 0.00302006475 0.00016746724872085647
1.34365 0.0029142844166999997 0.00016617777738497054
1.35295 0.0029288491667 0.0001657132264521651
1.36224 0.0030286496667 0.00016569393036129635
1.37154 0.00288756875 0.0001642367670597666
1.38084 0.0029305452500000004 0.000163936599023545
1.39014 0.0029870601667 0.0001640370044559716
1.39944 0.0029147405 0.00016293700472750172
1.40874 0.002992746 0.00016295903082675059
1.41804 0.0029342781667000004 0.00016222918438564654
1.42733 0.00293168075 0.00016173449429355167
1.43663 0.0029205180833 0.00016123338393434863
1.44593 0.0028961838333 0.00016050743556798673
1.45523 0.0029662227499999997 0.00016031387045135944
1.46453 0.0028436891667 0.0001589561753944502
1.47383 0.0027712527499999997 0.00015795573787467254
1.48313 0.0028982728332999997 0.00015821152536446098
1.49242 0.0029474375000000004 0.00015790879405783823
1.50172 0.0029238099167000005 0.00015737573121062722
1.51102 0.0027894179167 0.00015589918276692083
1.52032 0.0027394374167 0.0001550504029693409
1.52962 0.0027931925832999998 0.0001549410324089358
1.53892 0.0028191738333 0.00015475664578666937
1.54822 0.0028148004166999997 0.00015417844757134152
1.55751 0.0028207344167 0.0001537208149457189
1.56681 0.0028054841667 0.00015306290444895332
1.57611 0.0028307153332999997 0.0001528848766493955
1.58541 0.0027998959167 0.00015227123692038491
1.59471 0.0027792803333 0.00015163067164772578
1.60401 0.0026431560833000004 0.00015021926635055
1.61331 0.0026742306667 0.0001499408694599542
1.6226 0.0026729295 0.00014955509299942365
1.6319 0.00259485375 0.00014848447535480917
1.6412 0.00250717375 0.00014875586448565427
1.6505 0.0025530461667 0.00015285080172744534
1.6598 0.0025760754166999997 0.000150750642999038
1.6691 0.0025849765833000004 0.00015266787556437994
1.6784 0.0025186741667000004 0.0001545211992241137
1.68769 0.0025995754167 0.00015799139476896758
1.69699 0.0025425438333000006 0.00015604055391286838
1.70629 0.0024093991666999997 0.00015645675779886898
1.71559 0.0023947600833000003 0.00015912341233644773
1.72489 0.0024256220833000003 0.00015992761567118095
1.73419 0.0024599675833 0.00015874458765345438
1.74349 0.0023929692500000003 0.0001587926940091122
1.75279 0.0024358019166999994 0.00016234494819926227
1.76208 0.0024613505 0.0001610384517739172
1.77138 0.0024209975833 0.00016090056423196243
1.78068 0.0023831325833000004 0.00016329383207982722
1.78998 0.0024391645833 0.00016508507861941302
1.79928 0.0024720063333 0.00016295750866922814
1.80858 0.0023474678333 0.00016188021108993277
1.81788 0.0022848611666999997 0.00016572149498644058
1.82717 0.0022193263333 0.00016214163160084457
1.83647 0.0022012689167 0.00016515700301711486
1.84577 0.0022016691667 0.0001646968127064809
1.85507 0.0022292804166999997 0.00016338009433291897
1.86437 0.0022753788333 0.00016901807421289126
1.87367 0.0021761296666999996 0.00017006553154723497
1.88297 0.0022246936666999997 0.00017313433701717995
1.89226 0.0022055607499999997 0.0001743449010548746
1.90156 0.0019949852499999998 0.0001797901627119019
1.91086 0.0020770606667 0.00018818860096198506
1.92016 0.00211608025 0.0001929620858392531
1.92946 0.0020360375833 0.00019871821047177807
1.93876 0.0020355645833 0.00019569165672549978
1.94806 0.002079981 0.00020106903361725604
1.95735 0.0019898527500000003 0.00020163709725207768
1.96665 0.0019585583333 0.00020338778646540633
1.97595 0.00202919075 0.0002021381241105293
1.98525 0.0020056651667 0.00020919563736415415
1.99455 0.0020244238333 0.00021212054609357102
2.00385 0.00204980725 0.00021142964559898655
2.01315 0.0020755923333000002 0.00022757161967903135
2.02244 0.001893811 0.0002150784580491221
2.03174 0.0019256977500000001 0.00021705226695870885
2.04104 0.0018243095 0.00022432776196004258
2.05034 0.0020115217499999997 0.00022742393855897428
2.05964 0.0021215158333 0.00023032876717622838
2.06894 0.0019919105 0.00024228635475325895
2.07824 0.0017472828333 0.00023724416924545514
2.08753 0.001608154 0.0002328599317781037
2.09683 0.0017190717499999998 0.0002447291047146728
2.10613 0.0017819359167 0.00024390476944265144
2.11543 0.00182318525 0.00025010863683477163
2.12473 0.0016471060832999999 0.0002467935187330958
2.13403 0.0016603859999999998 0.0002647018739838825
2.14333 0.0016295378333 0.00025431636623866926
2.15262 0.0016208481667 0.0002605073136281218
2.16192 0.00143438975 0.00030463373618153
2.17122 0.0013078647499999998 0.0002628676911853963
2.18052 0.0013624467499999998 0.00028936512128535245
2.18982 0.0015481401666999999 0.0002767595534426463
2.19912 0.0016492609167000002 0.0003105552222861716
2.20842 0.0014193664167000003 0.00029928274678247825
2.21771 0.00128845025 0.00028714957415601174
2.22701 0.0013479714167 0.00031743386645815153
2.23631 0.0013361871667000001 0.00036472909258259485
2.24561 0.0012809339167000001 0.0003156846320173901
2.25491 0.0013486899167000001 0.00034881855091237787
2.26421 0.00133217525 0.00033227740138097876
2.27351 0.0015160136666999998 0.00039326148174476805
2.2828 0.0013357113332999999 0.00034770388005196553
2.2921 0.0011444522499999999 0.000390078711160352
2.3014 0.0012682523333 0.0003666928481716852
2.3107 0.0012852169167 0.0004136521346946906
2.32 0.0013543799167 0.00041527473664916136
2.3293 0.0013309069167000002 0.00039060327956937964
2.3386 0.0013637000833 0.0003993778718376376
2.3479 0.0010776724167000002 0.00047345869035016793
2.35719 0.0008914983333 0.00040668249536628007
2.36649 0.001093924 0.00048012489856125916
2.37579 0.001255483 0.00044237571853191534
2.38509 0.0010498430833 0.0005187874182086439
2.39439 0.0008992955 0.0004998564400214102
2.40369 0.0009441538333000001 0.0005047336893438058
2.41299 0.0007546700833 0.0006192853787379799
2.42228 0.0011195313333 0.0007429232323788634
2.43158 0.0007902895 0.000784794135255232
2.44088 0.0008023979167000001 0.0006662374463272554
2.45018 0.0009733181666999999 0.0007485950942402008
2.45948 0.0008738865833 0.0007333007994933515
2.46878 0.0010307994167 0.0007164887704372569
2.47808 0.0007491853333 0.0007373272295688136
2.48737 0.00091885775 0.0008457067636434745
2.49667 0.0014670965000000002 0.0008523870974991431
2.50597 0.0010771227499999998 0.000806412682704568
2.51527 0.000731426 0.0008418916054141986
2.52457 0.0007520865 0.0009471363457843855
2.53387 0.00130123175 0.0016252946952845764
2.54317 0.0010814575 0.002222634889101394
2.55246 0.00106084175 0.0044938140028802824
