nothing special
nothing special
273
0.0232465 0.07268166670000001 0.04401430652129401
0.0325451 0.02020405 0.013452962880502066
0.0418437 0.010901174999999999 0.007176788749556629
0.0511423 0.008644349999999999 0.004397159684466162
0.0604409 0.007965425000000002 0.002996100892905573
0.0697395 0.0062311216669999996 0.002181119001742132
0.079038 0.004471549167 0.0015659373272305613
0.0883366 0.0038588091670000006 0.0012630204177115445
0.0976352 0.0044571 0.0010828494621294765
0.106934 0.0037172800000000008 0.0009249008072920499
0.116232 0.0029915608330000005 0.0008071367776431225
0.125531 0.0030206400000000002 0.0007306217306468906
0.13483 0.0030260733329999998 0.000670419505494628
0.144128 0.002629045 0.0006160346006929395
0.153427 0.0031207904166999996 0.0005862010348762698
0.162725 0.0033411354167000003 0.0005589608753395468
0.172024 0.0032340361667 0.0005312530954838274
0.181323 0.0028743981667 0.0005023737761974032
0.190621 0.0027866153332999997 0.0004816268405539775
0.19992 0.0028582553333 0.0004653019064862613
0.209218 0.0031173156667000006 0.00045447006695547453
0.218517 0.003320704 0.00044491935955431433
0.227816 0.0031089550832999998 0.00043013711991569703
0.237114 0.0030772094166999996 0.0004185300476640803
0.246413 0.002655722 0.0004012090153747908
0.255711 0.00253429775 0.0003908555477981349
0.26501 0.0028822714166999996 0.00038743521860496377
0.274309 0.0029905025 0.00038069874968596365
0.283607 0.00270457925 0.0003691539291250039
0.292906 0.00253710125 0.0003596355059428538
0.302204 0.002626701 0.00035517451782196867
0.311503 0.0026062644167 0.0003494433710623195
0.320802 0.00267852425 0.0003447018668274845
0.3301 0.0027199385 0.00033877284061393343
0.339399 0.0026237986667 0.0003323323779564735
0.348697 0.0025563591667 0.0003272323702438887
0.357996 0.0025646134167 0.00032279253716213267
0.367294 0.0025374535832999997 0.0003177167115725572
0.376593 0.0024669319167 0.0003127016984527231
0.385892 0.00276129275 0.00031253915097740096
0.39519 0.0027056903333 0.0003075748318576489
0.404489 0.0025457856667 0.0003016587607620446
0.413787 0.0026660623333 0.00029967416347614304
0.423086 0.0028308091667000003 0.00029826976570749024
0.432385 0.002858157 0.0002954195954526329
0.441683 0.0027225350833 0.00029076584552033795
0.450982 0.0025760692499999997 0.0002860079651985366
0.46028 0.00248167275 0.00028154849680692623
0.469579 0.00248932125 0.0002780241959630967
0.478878 0.00263364075 0.0002771432327551349
0.488176 0.002658985 0.00027494738561213667
0.497475 0.0028190910833 0.0002739984674861304
0.506773 0.0026924886666999997 0.000270070528796508
0.516072 0.0026715466667 0.000267479750024163
0.525371 0.0026585930833 0.00026442335972035546
0.534669 0.00263821625 0.00026180392422014585
0.543968 0.00260868975 0.0002597707461248366
0.553266 0.0026495906667 0.0002577694525150122
0.562565 0.0028743281667 0.0002583504888162699
0.571864 0.0028071321667 0.00025536449781338145
0.581162 0.0027931116667000004 0.0002530821111158031
0.590461 0.0027048074167 0.0002500915912626368
0.599759 0.0027291390833 0.0002483871708919367
0.609058 0.0028230910833 0.0002472353419476594
0.618357 0.0027180008333 0.00024396913721347918
0.627655 0.00277751975 0.00024283700063010944
0.636954 0.00255711825 0.00023831196500285015
0.646252 0.0025105259167 0.00023609326303075494
0.655551 0.00257905025 0.00023542285237770525
0.664849 0.0024359148333 0.00023183802645266422
0.674148 0.0025363826667 0.00023129309281618105
0.683447 0.0026586933333 0.00023128771019421507
0.692745 0.00268733 0.0002302461068939274
0.702044 0.0028398869167 0.00022992535761404327
0.711342 0.0027884359999999996 0.0002279361360612929
0.720641 0.00272608125 0.00022601607953614487
0.72994 0.0026508815833 0.0002239178698317118
0.739238 0.0027596089167 0.00022353137124955195
0.748537 0.0026358431667 0.00022056125913090042
0.757835 0.00262438875 0.00021934716699735724
0.767134 0.0026852924166999997 0.000218326832608219
0.776433 0.0027485280833 0.00021740173470453258
0.785731 0.0028638590833 0.00021719913130719876
0.79503 0.0028240528333 0.00021578814919853405
0.804328 0.0027335980833 0.00021366343777792175
0.813627 0.002764014 0.00021245055341564611
0.822926 0.0027545354166999994 0.0002109389932093707
0.832224 0.0025482423333000005 0.00020802309737330345
0.841523 0.0027410870833000003 0.00020850312990714469
0.850821 0.0028744330833 0.00020857199934540472
0.86012 0.0029515365833 0.00020859343547722739
0.869419 0.0028734755 0.0002067181065316097
0.878717 0.0029021163332999997 0.0002062031293484164
0.888016 0.0028999705833 0.00020496561350453088
0.897314 0.0028089853333 0.00020279095980387795
0.906613 0.0029172840832999997 0.00020282213127071982
0.915912 0.0030829690832999994 0.00020312514763092847
0.92521 0.0029166338333 0.00020047024820210918
0.934509 0.0029873670832999996 0.00020012283815464075
0.943807 0.0029104185 0.00019869332660227225
0.953106 0.0027797486667 0.00019642553965525054
0.962405 0.0027081119167 0.00019487338341759
0.971703 0.0026670286667 0.0001935879313531947
0.981002 0.0027961074167 0.00019436733157484094
0.9903 0.0029217901667000002 0.00019450492666216139
0.999599 0.00310911225 0.0001949972500310621
1.0089 0.0030805876667 0.00019370832216136148
1.0182 0.0030433390833 0.00019233969171367722
1.02749 0.0030064345833 0.00019117850509663858
1.03679 0.0030210149167000004 0.00019038528127174464
1.04609 0.0031253034166999994 0.00019033632794484908
1.05539 0.0029567579167 0.00018812751468076682
1.06469 0.0028526075000000002 0.00018627296279350792
1.07399 0.0029646994167 0.00018649115599441118
1.08329 0.002931582 0.00018524231614767085
1.09258 0.0028419612499999995 0.00018411379418656354
1.10188 0.0029698926667 0.0001842780917981359
1.11118 0.0030430976666999997 0.0001840173902361329
1.12048 0.0030591689999999996 0.00018350038702911035
1.12978 0.0030460415832999996 0.00018265942865257852
1.13908 0.0029083170833000003 0.00018048737305389944
1.14838 0.00290503875 0.0001797289713658981
1.15768 0.0029828309167000003 0.00017958930218054276
1.16697 0.0030167647500000004 0.00017906110641605468
1.17627 0.003058557 0.0001788743599364549
1.18557 0.00302819825 0.00017787638108286426
1.19487 0.0030067665 0.00017685637443751574
1.20417 0.0031175685833 0.00017702310237116791
1.21347 0.0032050963332999997 0.0001771397735616834
1.22277 0.0032078898332999995 0.00017639972218999324
1.23206 0.0032721632499999992 0.00017606798273887912
1.24136 0.0031919929999999997 0.0001747002674257984
1.25066 0.0031213900000000004 0.00017369652828029233
1.25996 0.0030743005832999997 0.00017284392713948002
1.26926 0.0030566686667 0.00017207203432364514
1.27856 0.00308481225 0.00017160330008130005
1.28786 0.0030828990833 0.0001708276162391086
1.29715 0.0030328764167000003 0.0001697806274074198
1.30645 0.0029406365 0.00016857703730248618
1.31575 0.0028579000832999997 0.00016726744236245016
1.32505 0.0030434541667 0.00016819256206344988
1.33435 0.0030746047500000004 0.00016777535516089207
1.34365 0.0030423404166999997 0.0001669328531040824
1.35295 0.0030494851667 0.000166475111572398
1.36224 0.0030354196667 0.00016570293171662133
1.37154 0.00299797675 0.00016485834782737632
1.38084 0.0030000932499999996 0.00016425908549796804
1.39014 0.0029950361667 0.00016414183413933928
1.39944 0.0028906245000000002 0.00016281671057913262
1.40874 0.00290705 0.00016222935955424096
1.41804 0.0030181021667 0.00016261938158810817
1.42733 0.00310728075 0.00016275402494654812
1.43663 0.0030516780832999997 0.00016205010970178857
1.44593 0.0030225058333 0.00016126811472820326
1.45523 0.00282191275 0.00015918517800222277
1.46453 0.0028512531667 0.00015883420128909951
1.47383 0.0029739787500000004 0.00015939868999239286
1.48313 0.0030072728332999994 0.0001590009503958186
1.49242 0.0028342615 0.00015698976677242863
1.50172 0.0028237039167 0.00015644676128662353
1.51102 0.0028879739167 0.00015642081178696078
1.52032 0.0029180094167 0.0001560872578151325
1.52962 0.0028825545833 0.0001553772974563839
1.53892 0.0028578298333000003 0.00015475218771219081
1.54822 0.0028673104167 0.00015431571582110354
1.55751 0.0027511064166999997 0.00015306489915634252
1.56681 0.0028446221667 0.00015320629392269594
1.57611 0.0029293333332999997 0.00015341525781251969
1.58541 0.0028764299166999996 0.00015261751133695002
1.59471 0.0028555243332999995 0.0001519664836534677
1.60401 0.0027647040833 0.00015089742757335104
1.61331 0.0027676046667 0.00015044680660512293
1.6226 0.0027464555000000002 0.00014991022599015997
1.6319 0.00273060375 0.0001492151806460126
1.6412 0.0026638337499999996 0.00014975364849525015
1.6505 0.0026728741667 0.00015360905932829653
1.6598 0.0026751574167 0.00015120434889251766
1.6691 0.0025180005833 0.00015217042101685533
1.6784 0.0024103521667 0.00015336834525154808
1.68769 0.0025651814166999997 0.00015764751485491789
1.69699 0.0026559338333 0.00015661368407829995
1.70629 0.0026830911667 0.00015848636455142426
1.71559 0.0025121500833 0.00015936631218042656
1.72489 0.0025217120833000003 0.00015937716161870138
1.73419 0.0026535835833 0.00016003352297577376
1.74349 0.0027053812499999996 0.00016104028959333785
1.75279 0.0026586359167 0.00016339637937601967
1.76208 0.0026301105000000003 0.000162461805640654
1.77138 0.0025161035833 0.0001615576763807043
1.78068 0.0024809025833 0.00016409509307175747
1.78998 0.0024762785833 0.00016597338589086826
1.79928 0.0024441563333000003 0.0001628850339819563
1.80858 0.0024173058333 0.00016225780153974272
1.81788 0.0023333471666999997 0.0001651018829837962
1.82717 0.0023855123333000007 0.000163099999883801
1.83647 0.0023707749166999997 0.00016558449837256498
1.84577 0.0024201671666999997 0.00016590106775244456
1.85507 0.0024452824167 0.00016482810766077776
1.86437 0.0023666368333000003 0.00016945572210335348
1.87367 0.0023097356667 0.00017046825720424855
1.88297 0.0023675376666999997 0.00017442499709096536
1.89226 0.00228003275 0.00017424061995158886
1.90156 0.00217740725 0.00018196180912907284
1.91086 0.0021641746667 0.00018708184327054713
1.92016 0.00217301225 0.00019343530533002485
1.92946 0.0021708395833000002 0.00019902760726472825
1.93876 0.0022385965833 0.00019791346882854665
1.94806 0.0020725390000000004 0.00020056411695142123
1.95735 0.00203920875 0.00020281335950257028
1.96665 0.0020722803333 0.00020411846886818702
1.97595 0.00201203075 0.00020193210797292576
1.98525 0.0019897531667 0.000207902992494845
1.99455 0.0020638258333000002 0.00021299739043613823
2.00385 0.0021121192500000003 0.00021146374026079933
2.01315 0.0020420723333000003 0.00022706481389010976
2.02244 0.001807709 0.00021396430162189237
2.03174 0.00184182575 0.0002159047515691966
2.04104 0.0019280595000000001 0.00022508268653519763
2.05034 0.0019130517499999999 0.0002249502400205902
2.05964 0.0019169538332999999 0.00022798826265262736
2.06894 0.0019109805 0.00024112829659877076
2.07824 0.0019117228333 0.0002389465058686953
2.08753 0.00188352 0.00023601248337779088
2.09683 0.0018938837499999999 0.00024657444140436494
2.10613 0.0018248839167 0.00024363712153324085
2.11543 0.00169734325 0.0002470585431050482
2.12473 0.0016746100833000001 0.000247839874583348
2.13403 0.0015778380000000002 0.0002686062724603426
2.14333 0.0014928358332999998 0.00025207384408849404
2.15262 0.0015812701667000002 0.00025906666964209537
2.16192 0.00157064175 0.00029526751170419973
2.17122 0.00170893475 0.00026829878241488905
2.18052 0.00166278475 0.0002941835637788508
2.18982 0.0014236461667000001 0.0002745151313139852
2.19912 0.0014014709167 0.00030477023447436413
2.20842 0.0013646244167 0.00029807121320493376
2.21771 0.00145094825 0.0002891549863874014
2.22701 0.0014906674167 0.00031928738673460703
2.23631 0.0012928951667000002 0.00035501391377763694
2.24561 0.0013383439167 0.00031565532314196693
2.25491 0.0014927679167 0.00035095022564689087
2.26421 0.00158500325 0.0003359848939911576
2.27351 0.0015574156666999998 0.0003920405707660163
2.2828 0.0014554913333 0.0003499978944957313
2.2921 0.00133475425 0.0003985167048476745
2.3014 0.0011880423333 0.0003699731477626625
2.3107 0.0011851889167000002 0.0004137079908390947
2.32 0.0012291899167 0.00041302891558987005
2.3293 0.0013941329167 0.00039160301489199635
2.3386 0.0012717140833 0.0003949745922727939
2.3479 0.0009596964167 0.0004580934323312854
2.35719 0.0008405023333 0.000404913905128485
2.36649 0.000955584 0.0004773247564349334
2.37579 0.001267467 0.000442682254268621
2.38509 0.0010963430832999998 0.0005441381823709442
2.39439 0.0006803075000000001 0.0004951079832641663
2.40369 0.0006992658333000001 0.0004976844276392304
2.41299 0.0011673100832999999 0.0006497939918164063
2.42228 0.0009935693332999997 0.0007162738465255095
2.43158 0.0010629275 0.0007962511269100187
2.44088 0.0014365499166999998 0.0006879183826493214
2.45018 0.0015752681667 0.0007852432236017228
2.45948 0.0011904785833 0.0007400855663444758
2.46878 0.0010312394167 0.0007187971738979139
2.47808 0.0009193973333 0.0007435393831139588
2.48737 0.00112933375 0.0008722413844142315
2.49667 0.0008081905 0.0008139878952019349
2.50597 0.00096471275 0.0008010440074978727
2.51527 0.0014413 0.0008694618787842197
2.52457 0.0005442585 0.0008965139839604141
2.53387 0.00022726775 0.0014716045053535607
2.54317 0.0010485895000000001 0.0022945419682157964
2.55246 0.00231870375 0.004806199344316594
