nothing special
nothing special
273
0.0232465 0.026569666700000005 0.04338585364454315
0.0325451 0.01688205 0.01344832795915997
0.0418437 0.008766175 0.007166372856660353
0.0511423 0.00781915 0.004395390444600466
0.0604409 0.007372025 0.0029931425665298984
0.0697395 0.005860501666999999 0.0021790058992173173
0.079038 0.004562429167 0.001569821450418554
0.0883366 0.005258709166999999 0.0012878619187000491
0.0976352 0.004999040000000001 0.001094126242063723
0.106934 0.0040879 0.0009332989302358432
0.116232 0.003668400833 0.0008216245440581823
0.125531 0.00338238 0.0007402414843551986
0.13483 0.0035195933329999997 0.0006814906219905674
0.144128 0.002904325 0.000622614675043994
0.153427 0.0030544904167 0.0005856940800958047
0.162725 0.0032419154167 0.0005576525248255425
0.172024 0.0033209921667 0.0005335822425213801
0.181323 0.0029920421667 0.0005056261811979646
0.190621 0.0030135153333 0.0004869279532240675
0.19992 0.0032482453333000003 0.00047341299216596184
0.209218 0.0034662996667 0.00046178264965550056
0.218517 0.00333426 0.0004465391594910219
0.227816 0.0029736130832999997 0.00042876615883383266
0.237114 0.0026040314167 0.00041110581469076563
0.246413 0.002834652 0.000404770996330718
0.255711 0.00286901775 0.0003967840761883516
0.26501 0.0029904894167 0.0003893477762078253
0.274309 0.0028227265 0.00037893033151536413
0.283607 0.0029662392499999997 0.00037387947740851667
0.292906 0.00278598525 0.00036409410285303894
0.302204 0.002624979 0.0003557732955340692
0.311503 0.0028400044166999997 0.00035320499382561596
0.320802 0.0027906222500000003 0.00034679019285578086
0.3301 0.0027807905 0.000340352616127236
0.339399 0.0028436406667 0.0003360719251390917
0.348697 0.0028181451667 0.00033161687715042837
0.357996 0.0029274694167000003 0.00032899489783875076
0.367294 0.0028792255833 0.00032318775070386155
0.376593 0.0029569159167000003 0.0003197390514722203
0.385892 0.00303757275 0.0003167021917708761
0.39519 0.0029207303333 0.00031119826368237937
0.404489 0.0027192836666999998 0.0003048051656843119
0.413787 0.0025030723333 0.0002980388550941668
0.423086 0.0026730311667 0.0002968719335015973
0.432385 0.002757017 0.00029455556102255307
0.441683 0.0027810010833 0.0002918489762904027
0.450982 0.0025120672500000005 0.0002858827431453012
0.46028 0.0027419427500000003 0.0002856678130017457
0.469579 0.0027035712499999995 0.0002815964807028706
0.478878 0.00267312475 0.0002782531127027865
0.488176 0.0028084110000000002 0.0002770144847138006
0.497475 0.0028271530833000004 0.00027461868961954806
0.506773 0.0027198706667 0.00027072449539371457
0.516072 0.0026174966667 0.0002670184940312773
0.525371 0.0027192650833 0.00026559241933685055
0.534669 0.0027384602499999997 0.0002633919603015913
0.543968 0.00277307975 0.0002619721810922338
0.553266 0.0027887126667000004 0.00025973805098760685
0.562565 0.0026947061667 0.00025674402453746656
0.571864 0.0027311621667 0.00025467426041928513
0.581162 0.0026449176667 0.0002517284123568772
0.590461 0.0027024534167 0.0002506244088524714
0.599759 0.0026976450833 0.000248564227614166
0.609058 0.0027340650833 0.0002466977086774146
0.618357 0.0026056908333 0.00024356174513017186
0.627655 0.00271675575 0.0002427891626366405
0.636954 0.0027844282500000006 0.00024141141785230378
0.646252 0.0026438839167000003 0.00023818412644271303
0.655551 0.00274162625 0.0002377232795292387
0.664849 0.0027539248333 0.00023584479621142007
0.674148 0.0026891126667000003 0.00023377700147112268
0.683447 0.0027069613333000004 0.00023221238565024148
0.692745 0.0025640259999999996 0.0002294415932697848
0.702044 0.0027812989167 0.00022959080123645785
0.711342 0.0028095259999999997 0.0002283840979462127
0.720641 0.00265453125 0.0002255998950425529
0.72994 0.0027073975832999997 0.0002249379839463895
0.739238 0.0026993789166999994 0.00022335434267140746
0.748537 0.0025940611667 0.00022046053783880763
0.757835 0.00253379275 0.00021874448475668498
0.767134 0.0027966064167 0.00021973356265627786
0.776433 0.0029676360832999998 0.00021988957793525355
0.785731 0.0028854450833 0.0002178171184723946
0.79503 0.0028569048332999997 0.0002164698399254683
0.804328 0.0028230760833000005 0.00021488574899315791
0.813627 0.002774484 0.0002128286022268289
0.822926 0.0028713554167000004 0.00021258948736538216
0.832224 0.0027309563333 0.0002101906766753351
0.841523 0.0027057590833 0.00020864346537079477
0.850821 0.0027935790832999997 0.00020824947726000447
0.86012 0.0028895065833 0.00020859572253217589
0.869419 0.0028689755 0.0002072100518437899
0.878717 0.0027499643333 0.00020494745354973558
0.888016 0.0028929305833 0.00020512948977966333
0.897314 0.0029819573333 0.00020464431300967282
0.906613 0.0029256800833 0.00020311979589071128
0.915912 0.0028624770833 0.00020130455252587208
0.92521 0.0028486218333 0.00020026135557240285
0.934509 0.0029582830833 0.00020021905305621962
0.943807 0.0028795984999999994 0.00019876869880232153
0.953106 0.0029685086667 0.00019852207339262243
0.962405 0.0029813099167 0.00019765171977981672
0.971703 0.0029589566667000003 0.0001965262957540697
0.981002 0.0029484854167000003 0.0001962078494071583
0.9903 0.0029237621667 0.00019512410610391775
0.999599 0.0029645442500000002 0.0001942534458398922
1.0089 0.0029350276666999997 0.00019285342953188057
1.0182 0.0029143990833 0.0001914449153512167
1.02749 0.0028842945833000002 0.00019020725535790248
1.03679 0.0029275549167 0.00018983729972660423
1.04609 0.0029102974167 0.00018891271038840802
1.05539 0.0029816879167 0.00018871441862399068
1.06469 0.0029873695 0.00018773799116634745
1.07399 0.0029644534166999997 0.00018693433172312963
1.08329 0.002960742 0.00018593400872379538
1.09258 0.00302698525 0.00018597833220843646
1.10188 0.0030814326667 0.00018536935708500518
1.11118 0.0031128956667 0.00018468840087567385
1.12048 0.003118845 0.00018419190487647017
1.12978 0.0031043815832999997 0.00018338406871632308
1.13908 0.0031096350833 0.0001824895765878395
1.14838 0.00304133675 0.00018115307546321804
1.15768 0.0031518449167 0.00018122403006585772
1.16697 0.00317399475 0.00018078009257132928
1.17627 0.003111099 0.00017958366572475194
1.18557 0.00312829825 0.0001791136169030637
1.19487 0.0031005765 0.0001780696596604745
1.20417 0.0031493285832999997 0.00017760519257367403
1.21347 0.0031047043333 0.00017659407235603436
1.22277 0.0031084898332999996 0.0001759558375795385
1.23206 0.00317997325 0.00017562925802974398
1.24136 0.003252115 0.0001754911354461251
1.25066 0.0032441399999999995 0.00017491498362337158
1.25996 0.0031786125833000002 0.000173941750169502
1.26926 0.0031532446667000003 0.00017310972584614375
1.27856 0.0031565002500000003 0.0001724328664599496
1.28786 0.0031248690833 0.00017151320452952947
1.29715 0.0030287924167000002 0.00017013704486178936
1.30645 0.0030395285 0.00016971832533863441
1.31575 0.0030255520833 0.00016892489256400026
1.32505 0.0029844601667 0.00016808002663864588
1.33435 0.00297883475 0.00016747750350452637
1.34365 0.0029730424167000004 0.00016688354309657796
1.35295 0.0029772391667 0.00016621527522708084
1.36224 0.0029983476667 0.00016571035491446502
1.37154 0.00294217675 0.00016472001991102547
1.38084 0.00308463325 0.00016515751935626536
1.39014 0.0031173601666999997 0.00016516677286656603
1.39944 0.0029748484999999997 0.00016355149648486625
1.40874 0.002929114 0.00016257238145709732
1.41804 0.0029113081666999998 0.00016209657880090356
1.42733 0.0029450547500000004 0.0001619491286053128
1.43663 0.0031655920832999998 0.00016320628122075797
1.44593 0.0031412018333000003 0.00016242717115127873
1.45523 0.00308745275 0.00016135093912079178
1.46453 0.0029294471667 0.0001597124953791778
1.47383 0.0030637867500000002 0.00016024892898856754
1.48313 0.0030137388333 0.00015923361715339994
1.49242 0.0029321514999999998 0.00015793528571272979
1.50172 0.0029277519167 0.0001574828332078228
1.51102 0.0029491119167 0.0001571595174663633
1.52032 0.0028917854167 0.00015630569396105914
1.52962 0.0029072125833 0.00015581976880258468
1.53892 0.0028622918332999996 0.00015507411789357316
1.54822 0.0029375564167000005 0.00015506777217426222
1.55751 0.0028031424167 0.00015386285348878594
1.56681 0.0027294741667 0.00015277925333812914
1.57611 0.0027923653333000002 0.0001527449813436046
1.58541 0.0027811939166999997 0.00015226539970192123
1.59471 0.0028799103333 0.00015236425131201522
1.60401 0.0028945560832999997 0.000152047453274559
1.61331 0.0028788666667 0.00015154173119116265
1.6226 0.0028045075 0.00015057659550794225
1.6319 0.0026286177500000002 0.00014888977220505755
1.6412 0.00259902175 0.00014972104680284606
1.6505 0.0026871121667 0.0001539522516779892
1.6598 0.0027133714167 0.00015186244808282662
1.6691 0.0027283185833 0.00015390116333419409
1.6784 0.0027078141667 0.00015609130174140188
1.68769 0.0027507694167 0.00015909689018327508
1.69699 0.0027258598333 0.00015745178637361813
1.70629 0.0026457671667 0.00015833866969961586
1.71559 0.0025412260833000003 0.00016075521760851723
1.72489 0.0025416760833 0.00016017680772583925
1.73419 0.0027366175832999997 0.00016100762227051944
1.74349 0.00260314325 0.00016056857086133928
1.75279 0.0025289539166999998 0.00016273335436220497
1.76208 0.0026226484999999997 0.00016257425398597984
1.77138 0.0026107295833000003 0.00016252775699062945
1.78068 0.0024987025833 0.00016470033424288716
1.78998 0.0024642505833 0.00016529102764842893
1.79928 0.0024508443333 0.00016302289622446134
1.80858 0.0024477938333000004 0.00016283474978217137
1.81788 0.0023737131666999997 0.00016641006937814193
1.82717 0.0023501303333 0.00016323043933686135
1.83647 0.0024602609167000003 0.00016639073374591763
1.84577 0.0024906211667 0.0001664315059460851
1.85507 0.0024592984167000004 0.00016521437797094069
1.86437 0.0024423608333000004 0.0001702708595998379
1.87367 0.0023453496667 0.00017104892929453516
1.88297 0.0023426696667000002 0.0001750522808741937
1.89226 0.00224650875 0.00017446346836469154
1.90156 0.00221495725 0.0001822966038106677
1.91086 0.0021786546667000002 0.0001889061219586075
1.92016 0.0021928262499999996 0.0001925392657219483
1.92946 0.0023774435833 0.00020299908408538924
1.93876 0.0022738505833000003 0.0001980554148643494
1.94806 0.0020486149999999997 0.00020006355580768088
1.95735 0.00201121475 0.00020135078257025837
1.96665 0.0020900863332999997 0.0002050414553827981
1.97595 0.00212833075 0.00020314301180646848
1.98525 0.0021591971667 0.00021115207246536388
1.99455 0.0020522398333 0.00021308895362130606
2.00385 0.0022363032499999997 0.00021351709813351258
2.01315 0.0021946223333000003 0.0002298537724197065
2.02244 0.001949447 0.00021596681432782953
2.03174 0.0018783817500000002 0.00021686939537472446
2.04104 0.0017847915 0.00022471442251250083
2.05034 0.0017418457499999997 0.00022272202355214907
2.05964 0.0017382598332999998 0.0002265229848560377
2.06894 0.0019366225 0.00024085366582739714
2.07824 0.0019353928333000002 0.00023989436507080393
2.08753 0.00188246 0.00023653961659474815
2.09683 0.00195782175 0.0002484398093778733
2.10613 0.0018080819166999998 0.0002443277360415664
2.11543 0.0017902652500000002 0.00024947367322867723
2.12473 0.0018115940832999998 0.0002500038085228767
2.13403 0.001730008 0.0002708397776381672
2.14333 0.0016367058333 0.0002549001030144309
2.15262 0.0016507401667 0.0002603160342225345
2.16192 0.0016231837499999999 0.00030321161547063416
2.17122 0.00175919675 0.00026879826151506237
2.18052 0.0016448447499999997 0.0002954084477704003
2.18982 0.0015847021667 0.00027880588361121634
2.19912 0.0016977629166999998 0.0003125883124285831
2.20842 0.0016820324167000002 0.0003030887616516351
2.21771 0.0015014182500000001 0.00029014585486057936
2.22701 0.0014394314167000002 0.00032055737370280754
2.23631 0.0014675851667000001 0.0003711174253541647
2.24561 0.0015913139167 0.0003194904276939995
2.25491 0.0015545679167 0.00036429444889800035
2.26421 0.00152783725 0.00033517523086929076
2.27351 0.0015504976667 0.0003919850922630016
2.2828 0.0014642473333 0.0003495638767922535
2.2921 0.0012672942499999998 0.0004011539405825775
2.3014 0.0012539483333 0.0003696658589703909
2.3107 0.0015677449167 0.0004216081319336689
2.32 0.0011792339167 0.00040374920729170026
2.3293 0.0012571209167 0.00038864082680980177
2.3386 0.0013181100833 0.00039826625115479416
2.3479 0.0011804364167000002 0.0004617666168910452
2.35719 0.0012974323333 0.0004182456244519203
2.36649 0.001351814 0.0004888764806257535
2.37579 0.001313569 0.0004447909449192588
2.38509 0.0012513150833 0.0005398409422229062
2.39439 0.0010903315000000001 0.0005079311424257982
2.40369 0.0012124738333000001 0.0005173193307560317
2.41299 0.0011559740832999999 0.0006414412971252255
2.42228 0.0011483373333000002 0.0007301417645692804
2.43158 0.0014837135 0.000799404146739077
2.44088 0.0017139999167 0.0007002277808943062
2.45018 0.0007339081667000001 0.0007493706511578558
2.45948 0.0008627365833 0.0007520269892747801
2.46878 0.0004303174167000001 0.000696717915863672
2.47808 0.00022762933329999998 0.0007176773935560869
2.48737 0.0008695237500000001 0.0008545186219687269
2.49667 0.0012597445 0.0008417298337121705
2.50597 0.00120811675 0.0008121543680924925
2.51527 0.0011044359999999999 0.0008476783793918974
2.52457 0.0011358705 0.0009409710452231152
2.53387 0.00198860175 0.0016706688456098464
2.54317 0.0022992315 0.00262387653424587
2.55246 0.00019272074999999991 0.004278026365450926
