nothing special
nothing special
273
0.0232465 0.0327416667 0.04347901673945263
0.0325451 0.016335049999999997 0.013435856347706365
0.0418437 0.009634975 0.007171340694822823
0.0511423 0.00731075 0.0043870343138145374
0.0604409 0.0045362250000000005 0.0029548986451084056
0.0697395 0.0040329416669999995 0.002151316208373875
0.079038 0.003939729166999999 0.001560155431218623
0.0883366 0.004014629167000001 0.0012674220604253648
0.0976352 0.0030716399999999996 0.0010609771965476695
0.106934 0.0036569999999999997 0.0009254438138137183
0.116232 0.003099680833 0.0008104663536607159
0.125531 0.0030906799999999997 0.0007334536087538676
0.13483 0.003357033333 0.0006779464252486398
0.144128 0.002861585 0.0006214017979991024
0.153427 0.0030109304167000002 0.0005858412579290256
0.162725 0.0029202714167000004 0.0005519287287814377
0.172024 0.0029226941667 0.0005262579090491358
0.181323 0.0028921781666999997 0.0005032721947725885
0.190621 0.0027072113333 0.0004808622927278885
0.19992 0.0026349333333000003 0.0004617287042250187
0.209218 0.0025525516666999996 0.0004455136033870376
0.218517 0.002752806 0.0004359168343376923
0.227816 0.0026122210833000002 0.00042240312409382735
0.237114 0.0029738374167 0.0004176624811401961
0.246413 0.00298308 0.00040732360411788464
0.255711 0.0027835257500000003 0.0003957886950461801
0.26501 0.0025781794167 0.00038312425911282824
0.274309 0.0024619965 0.0003727941607500271
0.283607 0.00258830125 0.00036820474864167997
0.292906 0.00243810925 0.00035868698452428955
0.302204 0.002359005 0.00035202851358034584
0.311503 0.0025010684167000004 0.00034864777773586795
0.320802 0.00245391225 0.0003419572317806117
0.3301 0.0025184145000000002 0.0003366584113451832
0.339399 0.0024842986666999997 0.0003304535491229584
0.348697 0.0024533031666999997 0.00032643515588885426
0.357996 0.0026019134166999996 0.00032460989980922334
0.367294 0.0028017395832999996 0.00032176985772664087
0.376593 0.0026299899167 0.00031529023823537286
0.385892 0.00266987475 0.0003117457214371316
0.39519 0.0026409743333000004 0.0003073309500757641
0.404489 0.0025957216667 0.000302561270915186
0.413787 0.0026444503333 0.0002997745921607428
0.423086 0.0026598851667 0.00029647781797622664
0.432385 0.002743831 0.0002946195780803407
0.441683 0.0028330250833000004 0.0002927193801048636
0.450982 0.00268662525 0.00028797784550090336
0.46028 0.00250720275 0.00028238445884831107
0.469579 0.00258202725 0.00028000664847792865
0.478878 0.00290705475 0.0002809896193162986
0.488176 0.0028600949999999996 0.00027775179244251234
0.497475 0.0027797350833 0.00027406229493433796
0.506773 0.0025578606667000002 0.00026850486142854897
0.516072 0.0027013786667 0.0002679558273787279
0.525371 0.0028163350833 0.0002668566609655146
0.534669 0.00274319425 0.0002634423306432795
0.543968 0.0026916297499999997 0.00026121891187093674
0.553266 0.0026243286667 0.0002581458209572939
0.562565 0.0025501141667 0.0002551979037923039
0.571864 0.0025406621666999992 0.00025259418611835486
0.581162 0.0024894236666999996 0.0002501035122099402
0.590461 0.0025132774167 0.0002484173108295162
0.599759 0.0026545390832999997 0.0002480408265571554
0.609058 0.0027499950833 0.0002467936019878538
0.618357 0.0024782368333 0.0002420771186707085
0.627655 0.0024056837500000005 0.0002393876636669623
0.636954 0.00255128225 0.00023903920867051164
0.646252 0.0025464259166999995 0.00023721806053903774
0.655551 0.00256902425 0.00023567222529431112
0.664849 0.0025280908333 0.00023330165543391216
0.674148 0.0024687086667 0.00023129307179311847
0.683447 0.0025428433333000004 0.00023034071165253025
0.692745 0.002512876 0.00022885181560649502
0.702044 0.0026207689167 0.0002278311185049096
0.711342 0.0026666759999999998 0.0002270050999945162
0.720641 0.00268823125 0.00022616257494059637
0.72994 0.0026071195833 0.00022389052290681558
0.739238 0.0025757529167 0.00022206253577989764
0.748537 0.0026170511666999997 0.00022080603132510076
0.757835 0.00271070075 0.00022065490793884943
0.767134 0.0027881364167 0.0002197214265248983
0.776433 0.0026162380833 0.00021660508184289176
0.785731 0.0026522130833 0.00021560632036492631
0.79503 0.0026190428333 0.00021410336753475515
0.804328 0.0025498860833 0.00021231159817378277
0.813627 0.002679474 0.00021215484177286305
0.822926 0.0026590474167 0.00021061639431252355
0.832224 0.0026701523333 0.00020962170615933593
0.841523 0.0027738290833 0.00020938178821326372
0.850821 0.0027582310833 0.0002079057586915709
0.86012 0.0027777185832999996 0.000207553499247729
0.869419 0.0029268615 0.00020765503449855294
0.878717 0.0027004283333 0.00020461936197897944
0.888016 0.0025878645833 0.00020241485469205264
0.897314 0.0026473033332999997 0.0002016901520660622
0.906613 0.0027099460833000005 0.00020123405795271333
0.915912 0.0029398590832999997 0.00020226736701333596
0.92521 0.0030279778333000005 0.0002018891112876622
0.934509 0.0029573250833 0.0002002997762291105
0.943807 0.0029224745 0.0001992356914368743
0.953106 0.0028865046666999997 0.00019783075138660972
0.962405 0.0028669979167 0.00019665339617323813
0.971703 0.0027014806667 0.00019426902114141257
0.981002 0.0026498414167 0.00019356919449953843
0.9903 0.0027296341667 0.00019302315492939235
0.999599 0.0027939342500000004 0.000192485194434821
1.0089 0.0028916356667 0.00019243853717066547
1.0182 0.0030307990833 0.00019270047444620722
1.02749 0.0028018165833 0.0001896416407155127
1.03679 0.0027744549166999997 0.00018858350846450916
1.04609 0.0028846614167 0.00018876639153204543
1.05539 0.0027741719167 0.00018715277300583678
1.06469 0.0027976295 0.00018654635888519993
1.07399 0.0030779934167 0.00018801387572131185
1.08329 0.003054642 0.0001867994431081688
1.09258 0.0029543352499999996 0.00018537013254090224
1.10188 0.0029063086667 0.000184141493793008
1.11118 0.0030148116667 0.0001841478215724197
1.12048 0.0028879210000000003 0.0001824631836442203
1.12978 0.0028040995833000003 0.0001811801612713121
1.13908 0.0028828170833 0.00018073079799627216
1.14838 0.00287687275 0.0001799600101653649
1.15768 0.0028765349167000002 0.00017924454092019704
1.16697 0.00292080075 0.00017878272832838116
1.17627 0.002989595 0.00017867739342316882
1.18557 0.0030036222499999995 0.00017794444473916452
1.19487 0.0031961005 0.00017874799932898378
1.20417 0.0031432425833000004 0.00017764482492030535
1.21347 0.0029294963333 0.0001753001739020454
1.22277 0.0029571938333 0.00017484711446267347
1.23206 0.00296701925 0.00017409937096862728
1.24136 0.0029675450000000003 0.00017338927820762515
1.25066 0.002940162 0.00017267009007323951
1.25996 0.0030341285833 0.00017286543787809616
1.26926 0.0031130566667 0.00017287028624043897
1.27856 0.00306984825 0.0001718004011042355
1.28786 0.0031181650833 0.00017147045553863043
1.29715 0.0030527964167 0.0001704140946708042
1.30645 0.0030225144999999998 0.0001696290542148842
1.31575 0.0029886780833 0.00016871662528928513
1.32505 0.0029636321667000005 0.00016797405121979353
1.33435 0.00300617075 0.000167599067594378
1.34365 0.0030783764167000003 0.00016756835705831032
1.35295 0.0030786311667000002 0.00016699349873390375
1.36224 0.0030865616667 0.0001663247355237019
1.37154 0.00302931875 0.0001654140392364812
1.38084 0.00299159525 0.0001644798310545293
1.39014 0.0029079141667 0.00016370035588436584
1.39944 0.0029185425000000003 0.00016322285295621686
1.40874 0.0029165619999999997 0.0001627895892917832
1.41804 0.0030148701667 0.0001631239095493577
1.42733 0.0029813007499999997 0.0001623811990510799
1.43663 0.0029629700833000002 0.00016177137294132922
1.44593 0.0029702538332999997 0.00016120459347411035
1.45523 0.0029907207499999997 0.0001606861250201079
1.46453 0.0029213751667000005 0.00015966595776526672
1.47383 0.00286311075 0.00015880417424448515
1.48313 0.0028517848333 0.0001580890321854808
1.49242 0.0029051555 0.0001578368240631498
1.50172 0.0027970639167000004 0.00015669425433946277
1.51102 0.0027467619166999997 0.0001558192731343231
1.52032 0.0027386054167 0.00015516614834461072
1.52962 0.0028521205833 0.0001554250605082271
1.53892 0.0028574498333 0.000155002594343665
1.54822 0.0028118484167 0.00015418073153337117
1.55751 0.0027894624167 0.00015369193388338096
1.56681 0.0027374621666999997 0.00015272227255620882
1.57611 0.0028677613333 0.0001531687411291143
1.58541 0.0028152839167 0.00015252163677596274
1.59471 0.0027664263333000002 0.00015161387165930424
1.60401 0.0026674400833000002 0.00015055289546564456
1.61331 0.0026961606667 0.00015019407319484993
1.6226 0.0026338195 0.0001494293312348891
1.6319 0.00267902375 0.00014925363398823283
1.6412 0.00272284575 0.00015050185531157302
1.6505 0.0027067701667 0.00015435575165873865
1.6598 0.0026491874167000004 0.0001514914265157837
1.6691 0.0025262005833000005 0.00015262850818139942
1.6784 0.0027061281667000005 0.00015590640893745018
1.68769 0.0028118274166999994 0.00016026718439977455
1.69699 0.0026809498332999995 0.0001572299803134752
1.70629 0.0024191131667000002 0.00015674928121089024
1.71559 0.0023025480833000003 0.00015830833711100962
1.72489 0.0023773260833000005 0.00015925679115104448
1.73419 0.0023409815833 0.00015797288267987888
1.74349 0.00235691325 0.00015873692063358128
1.75279 0.0024151739166999994 0.00016226637994757925
1.76208 0.0024497485 0.0001613091472156561
1.77138 0.0025013815833000003 0.00016173211702497968
1.78068 0.0025512385833000003 0.0001647679492005082
1.78998 0.0024953585833000004 0.00016580526997353882
1.79928 0.0024948603333000002 0.00016351665534096669
1.80858 0.0023665158333000006 0.00016223366999151758
1.81788 0.0023129151667 0.00016677950956275265
1.82717 0.0022124203333 0.00016225550905124117
1.83647 0.0021756149167 0.00016507010005184823
1.84577 0.0022778891667 0.00016506732112410932
1.85507 0.0023915604166999996 0.00016483572680631866
1.86437 0.0023907688333000003 0.00017000349240754934
1.87367 0.0024289076666999996 0.0001720783195923138
1.88297 0.0022550196667 0.00017464272191303708
1.89226 0.00208877875 0.0001732028869944366
1.90156 0.00218199925 0.00018271427806756452
1.91086 0.0022554746667 0.00018951105179714332
1.92016 0.0021756862500000003 0.00019261244182448522
1.92946 0.0021885875833 0.0001997918651617174
1.93876 0.0021850485833000005 0.00019838019526185357
1.94806 0.0020933790000000002 0.00020162566526643285
1.95735 0.0020486847500000003 0.0002026397156247736
1.96665 0.0020137163333 0.00020459220933144947
1.97595 0.00196652875 0.0002021519472617623
1.98525 0.0019684971667 0.0002087008425008204
1.99455 0.0019596718333000003 0.0002114898246287692
2.00385 0.00197547725 0.00021116172491159472
2.01315 0.0019590023333 0.00022821189463542626
2.02244 0.001854449 0.00021558001670151115
2.03174 0.0018638597499999999 0.00021645184373642376
2.04104 0.0019154335000000002 0.00022588249232340264
2.05034 0.00196442375 0.0002269997888206934
2.05964 0.0017486518333000001 0.00022582200193726608
2.06894 0.0017003585 0.00023883448791618857
2.07824 0.0017385728332999998 0.00023844340390038787
2.08753 0.0017180059999999998 0.00023516128186137596
2.09683 0.0017701117500000002 0.00024356036275350216
2.10613 0.0017889599166999999 0.00024303523203644597
2.11543 0.00170474525 0.00024784010383188085
2.12473 0.0016534100832999998 0.00024828994519341275
2.13403 0.0015438420000000001 0.00026946870967982443
2.14333 0.0014050438332999999 0.00025182663357299677
2.15262 0.0015821521667000002 0.00025949383876569
2.16192 0.00158517175 0.00030184692911065634
2.17122 0.0017372687500000002 0.00026869084053146033
2.18052 0.00171933875 0.00029415109277795506
2.18982 0.0016523481667 0.00027869641791526754
2.19912 0.0017650289167 0.0003131436245375247
2.20842 0.0015380484167 0.0002979840374396461
2.21771 0.00147652425 0.00029032361793989716
2.22701 0.0014793954167000001 0.00032127027115200966
2.23631 0.0013586351667000001 0.00036077257386506786
2.24561 0.0015605419167000001 0.0003226136996137655
2.25491 0.0014486699166999998 0.0003539351858584405
2.26421 0.00107730525 0.00032665996728958803
2.27351 0.0009773196667 0.00037789326713750447
2.2828 0.0013013153333 0.0003470891736442344
2.2921 0.0014473022500000002 0.0004015021940292479
2.3014 0.0013183023333 0.0003716344642467437
2.3107 0.0012255589167 0.0004163951018995627
2.32 0.0012048999167000001 0.0004122238313748166
2.3293 0.0012008249167 0.00038770630062710923
2.3386 0.0013693740832999997 0.0003985387724144962
2.3479 0.0013413244167 0.0004699549541414287
2.35719 0.0013482903333 0.00042022427312177684
2.36649 0.001137048 0.0004917027257078296
2.37579 0.001268399 0.00044320309671125113
2.38509 0.0010812890833000002 0.000528908903683313
2.39439 0.0009582035000000001 0.0004976291358270419
2.40369 0.0009402598332999999 0.0005063593564911842
2.41299 0.0005717460833 0.0006103842457828806
2.42228 0.0010068493333 0.0007367719456673608
2.43158 0.0012213554999999999 0.0008113241207310098
2.44088 0.0008559459167000001 0.0006770308407809249
2.45018 0.0008942681667000001 0.0007865200422170523
2.45948 0.0008342065833 0.0007410660224066885
2.46878 0.0013674034167 0.0007271288919583161
2.47808 0.0012689313333 0.0007541514062139828
2.48737 0.0012329077500000001 0.000878514518237698
2.49667 0.0009516445 0.0008393018046986075
2.50597 0.0010151867500000002 0.0008032783297977906
2.51527 0.001330306 0.0008696155231304612
2.52457 0.0006563865000000001 0.0009328264127213722
2.53387 0.00059001375 0.0016133623190431757
2.54317 0.0007629155 0.0022678852998698437
2.55246 0.0016903995499999997 0.004669311566793812
