nothing special
nothing special
273
0.0232465 0.027791666700000002 0.04339616337092155
0.0325451 0.011504049999999998 0.013390231790200578
0.0418437 0.009773375 0.0071739003570009145
0.0511423 0.01261655 0.00444575420880844
0.0604409 0.008720225000000002 0.003009435908054216
0.0697395 0.005480941666999999 0.002172584162114718
0.079038 0.0048498691669999995 0.0015729392885490297
0.0883366 0.004652589166999999 0.0012767714415694333
0.0976352 0.00372424 0.0010710509722241823
0.106934 0.00377404 0.0009267198065173042
0.116232 0.0032338208329999994 0.0008124633659008861
0.125531 0.0030231 0.0007318126432493949
0.13483 0.0035235133330000002 0.0006804498341637473
0.144128 0.0034223050000000005 0.0006321623170817461
0.153427 0.0032234504167 0.0005890793562610411
0.162725 0.0034846734167000002 0.0005617131862859965
0.172024 0.0031748141667 0.0005303102559433113
0.181323 0.0030274161667 0.0005057502962586189
0.190621 0.0027863833333 0.0004825466214906109
0.19992 0.0024854813333000003 0.0004598315585040876
0.209218 0.0025441916667 0.0004452665462513812
0.218517 0.002940722 0.0004392803286346524
0.227816 0.0028580530833 0.0004263289118427244
0.237114 0.0026902534167 0.00041213924050231376
0.246413 0.002587252 0.0004000694036746674
0.255711 0.00247464775 0.0003901821639829303
0.26501 0.0024922234167 0.0003813608293939589
0.274309 0.0026127985 0.0003749506460819656
0.283607 0.00276267125 0.00037122950212962075
0.292906 0.00274633125 0.0003635733204060441
0.302204 0.002673535 0.000355637313084776
0.311503 0.0025331664167000003 0.00034812937271789775
0.320802 0.00234331425 0.0003399763283607799
0.3301 0.0025290004999999997 0.0003369766287856003
0.339399 0.0025255146667 0.00033099852143876114
0.348697 0.0026223751667 0.0003283407832586475
0.357996 0.0026783794167 0.00032479936189158237
0.367294 0.0026998215833 0.0003202480302207631
0.376593 0.0026654559167000004 0.00031553523416734495
0.385892 0.00262328675 0.00031085819926399795
0.39519 0.0027546443333 0.00030865219711647367
0.404489 0.0026322716667 0.0003029931323050944
0.413787 0.0025928863333000004 0.00029871098471267435
0.423086 0.0026062931666999993 0.0002955519871448559
0.432385 0.002589045 0.00029213430392547636
0.441683 0.0024659650833000002 0.0002876197202877851
0.450982 0.0025858852500000003 0.00028642201498813095
0.46028 0.0025932127499999997 0.00028320968426208187
0.469579 0.00236710725 0.00027703939282529635
0.478878 0.00266573675 0.0002776890817328418
0.488176 0.002640433 0.0002744405258739389
0.497475 0.0026994230832999996 0.0002726309472955112
0.506773 0.0026840306667000003 0.0002700204546011244
0.516072 0.0025896426666999995 0.0002663953867396462
0.525371 0.0025146610833 0.00026294362904540313
0.534669 0.00258814225 0.0002614032653931508
0.543968 0.00265844775 0.00026047172930793584
0.553266 0.0024438426667 0.00025556752366364234
0.562565 0.0024987841666999997 0.00025415953954076103
0.571864 0.0027125961667 0.0002546065107112696
0.581162 0.0027337936667 0.0002528304517829555
0.590461 0.0025832874167 0.0002493811809594009
0.599759 0.0026878790833000004 0.0002484353209149266
0.609058 0.0028349770833 0.000247802573715382
0.618357 0.0026032288333 0.0002432311909492499
0.627655 0.00247062575 0.00023978174567121054
0.636954 0.00238128225 0.0002367524296891125
0.646252 0.0023825839167000004 0.00023490132857461853
0.655551 0.00244304625 0.00023397586363556335
0.664849 0.0024691708333000003 0.00023253250843209084
0.674148 0.0025426106666999997 0.00023200785050917855
0.683447 0.0024829233333 0.0002297294252476029
0.692745 0.002472268 0.00022834723484384272
0.702044 0.0025805209167 0.00022730288974103836
0.711342 0.0025303439999999995 0.0002252848305592434
0.720641 0.00265464325 0.00022535017437885286
0.72994 0.0026138355833000004 0.0002236419897882517
0.739238 0.0026805449166999997 0.00022280814949836913
0.748537 0.0027409611667 0.00022175694853469454
0.757835 0.00264909675 0.00021980691959370104
0.767134 0.0026994004167 0.0002187542971756519
0.776433 0.0027494620833 0.00021771217066781466
0.785731 0.0029253230833 0.00021810172071049796
0.79503 0.0029836748332999997 0.00021744949217403995
0.804328 0.0027200640833000005 0.00021390207695514001
0.813627 0.00269964 0.00021212089530216706
0.822926 0.0027248574167 0.0002109205310859981
0.832224 0.0027875803333 0.00021035918102028987
0.841523 0.0028787770833 0.000209981927889451
0.850821 0.0028709270833000003 0.00020881093733232756
0.86012 0.0026721465832999997 0.00020649328609531205
0.869419 0.0027011875 0.00020553406835317636
0.878717 0.0026319803333 0.00020384696994403239
0.888016 0.0026816205833000003 0.000203084603453502
0.897314 0.0027817533333 0.00020283938693843535
0.906613 0.0028446080833 0.00020243593893369525
0.915912 0.0028583150833 0.00020117601240103431
0.92521 0.0027207958333 0.00019883985892143834
0.934509 0.0026873150833 0.0001975501557515364
0.943807 0.0027009025 0.00019690626256679456
0.953106 0.0028437966667000003 0.00019711251437494226
0.962405 0.0028270479167000003 0.00019602815795383792
0.971703 0.0027483286667000003 0.00019441874909321825
0.981002 0.0028441554167 0.00019488420703820753
0.9903 0.0029582581667000002 0.00019485448204121272
0.999599 0.00289006425 0.00019307716358191645
1.0089 0.0029145796667 0.00019243056950367528
1.0182 0.0030000450832999995 0.0001921149225502103
1.02749 0.0029472745833 0.00019074382570222908
1.03679 0.0028479669166999997 0.0001889420285024078
1.04609 0.0028390014167000003 0.0001880930799401417
1.05539 0.0028951599166999998 0.00018787073156004152
1.06469 0.0028528035 0.0001865605684421327
1.07399 0.0028758754167 0.00018602522607107813
1.08329 0.0028948079999999996 0.00018537046789322622
1.09258 0.00292224125 0.00018503930317203358
1.10188 0.0029281366667 0.000184076476175326
1.11118 0.0029769416666999998 0.00018355903733443147
1.12048 0.0029488749999999997 0.00018282086339897413
1.12978 0.0029787155832999997 0.00018233648212411747
1.13908 0.0030312150833 0.0001817870442434508
1.14838 0.00303155675 0.00018104441340758082
1.15768 0.0029875809167 0.00017984644441965334
1.16697 0.00294149475 0.00017868050496293238
1.17627 0.002850045 0.0001772871432792205
1.18557 0.00303349225 0.00017802361880718074
1.19487 0.0031452425 0.00017813629784820057
1.20417 0.0030833545833 0.0001769828177902483
1.21347 0.0030482263332999994 0.00017600272351297344
1.22277 0.0029928078333 0.00017495091088308887
1.23206 0.00306772725 0.000174675356948606
1.24136 0.002927321 0.00017293488510657486
1.25066 0.0029483020000000003 0.00017255689156180963
1.25996 0.0030752225833 0.00017304930207086237
1.26926 0.0030448606667 0.00017217061993078853
1.27856 0.00309803025 0.00017187558860411027
1.28786 0.0031161410833 0.00017137805747676342
1.29715 0.0029218704167 0.00016926105936728724
1.30645 0.0029971225000000002 0.00016927927758917806
1.31575 0.0029898400833000003 0.00016862667011272674
1.32505 0.0030403481667 0.00016838066698030983
1.33435 0.0031417467499999996 0.00016853865827111343
1.34365 0.0031920784167000006 0.0001682915544607322
1.35295 0.0030351691666999996 0.0001665230166449834
1.36224 0.0030969436667 0.0001663046092918783
1.37154 0.0030709467500000002 0.00016562096306206638
1.38084 0.00304696525 0.00016484644293611732
1.39014 0.0030072841667 0.00016419344700364312
1.39944 0.0029410765 0.00016322181220221105
1.40874 0.00295542 0.00016284520387330529
1.41804 0.0030440621667 0.00016310448840232302
1.42733 0.0030161727499999997 0.00016230081223200172
1.43663 0.0028902320832999997 0.00016100277810964002
1.44593 0.0029593938333 0.00016090873620306409
1.45523 0.0030372147500000004 0.0001608120509242753
1.46453 0.0029487971666999997 0.00015975958958522533
1.47383 0.00289955475 0.0001589275697184634
1.48313 0.0028842848333 0.00015823129240906045
1.49242 0.0028989095 0.0001576059020674037
1.50172 0.0028845739167 0.0001569869176684659
1.51102 0.0027710259166999996 0.0001556625726609599
1.52032 0.0027502234167 0.00015502344905486218
1.52962 0.0028201265833000004 0.00015511945861332535
1.53892 0.0028734258333 0.00015503114364044855
1.54822 0.0028803364167000003 0.00015462312197950514
1.55751 0.0028347084167 0.00015385792947859124
1.56681 0.0027222161666999997 0.00015248847149241233
1.57611 0.0027916213333 0.000152543702320301
1.58541 0.0028128819167 0.00015236624303255046
1.59471 0.0028636923333 0.00015213767453041188
1.60401 0.0028125980832999996 0.00015135183284725276
1.61331 0.0027405826667 0.00015039433241224347
1.6226 0.0027174435000000005 0.000149847448741202
1.6319 0.00276428975 0.00014964714364013292
1.6412 0.0026440097499999997 0.00014978754900258983
1.6505 0.0026359721667000005 0.00015312530067150532
1.6598 0.0026216854167 0.00015106791272206103
1.6691 0.0025522285833 0.0001525807279393658
1.6784 0.0025039961667 0.00015427541108875792
1.68769 0.0025856554167 0.00015770239826435388
1.69699 0.0026165318333000007 0.00015654721066694677
1.70629 0.0025352031667 0.00015741217567396106
1.71559 0.0024562300833000004 0.00015914935773370892
1.72489 0.0026118180833 0.00016063292787757189
1.73419 0.0024580915833000002 0.00015874549366429587
1.74349 0.00235903325 0.0001585997110881465
1.75279 0.0024770019166999997 0.00016291418724255095
1.76208 0.0023884305 0.00016069989002514976
1.77138 0.0024746795833 0.00016138576440596303
1.78068 0.0024913105833 0.00016398662594129408
1.78998 0.0024361585833 0.00016489797668250633
1.79928 0.0023687063333 0.00016231387446001338
1.80858 0.0023398558333000002 0.0001618914380931849
1.81788 0.0023587311667 0.00016634271508067074
1.82717 0.0023641763333 0.00016307660719772147
1.83647 0.0023390769167 0.00016598008846525807
1.84577 0.0023778031666999997 0.0001650925267871317
1.85507 0.0023736644166999997 0.00016442782085263478
1.86437 0.0022144068332999997 0.000168372713152127
1.87367 0.0021114116667 0.0001697383883167343
1.88297 0.0023144996667 0.00017459561691067754
1.89226 0.00222240075 0.00017413813037132244
1.90156 0.00217480125 0.0001817155040164683
1.91086 0.0021790786666999996 0.0001881978959622332
1.92016 0.00225368425 0.0001938182876360896
1.92946 0.0021068915833 0.0001973233410815959
1.93876 0.0020691765833 0.00019627969253729956
1.94806 0.001983567 0.00019880706323530725
1.95735 0.00195450875 0.00020017846255245025
1.96665 0.0019425603333000003 0.00020293509876346147
1.97595 0.00188121875 0.0002008341702851736
1.98525 0.0018954691667 0.00020831508330845368
1.99455 0.0020137478333 0.00021220283574400141
2.00385 0.00201340325 0.0002112930686430562
2.01315 0.0019989043333 0.0002284196543724617
2.02244 0.001925851 0.00021572972129035357
2.03174 0.00179724975 0.00021559216893985393
2.04104 0.0017890375 0.0002238782541042335
2.05034 0.00179108175 0.0002241579489300835
2.05964 0.0017856678333 0.00022714337641996797
2.06894 0.0018618185000000003 0.00023875517778297416
2.07824 0.0019982608332999997 0.00023986459430447426
2.08753 0.001988948 0.00023852002057746783
2.09683 0.0018423277500000002 0.0002459562695015829
2.10613 0.0016524519167000003 0.00024169514951042755
2.11543 0.0016596832499999998 0.0002483779260119777
2.12473 0.0017666280833000003 0.0002492521491535041
2.13403 0.001673776 0.000272341888288934
2.14333 0.0014210538333 0.00025090610755514677
2.15262 0.0014973941667000001 0.0002579987065045101
2.16192 0.0016328157500000002 0.00030191296007514465
2.17122 0.0015422367499999998 0.0002662475507992435
2.18052 0.00161043675 0.00029540569354209685
2.18982 0.0016545001667 0.0002782543250501267
2.19912 0.0015360849167 0.00030618135897409723
2.20842 0.0013519564167 0.000297752286069466
2.21771 0.0014791302499999998 0.00028936258789149453
2.22701 0.0015581414167000001 0.0003193743584102847
2.23631 0.0013078811667 0.0003565377975854719
2.24561 0.0015078559167 0.00032158575290848864
2.25491 0.0015504699166999998 0.00035453552708905665
2.26421 0.00153054925 0.00033485790751899814
2.27351 0.0013390016667000001 0.000386987673710999
2.2828 0.0013484993333 0.0003477199508777374
2.2921 0.00130232625 0.0004010975472343217
2.3014 0.0012248983332999999 0.0003687721826555893
2.3107 0.0011683429167000001 0.0004160520320052812
2.32 0.0012671959167 0.0004166959014163568
2.3293 0.0013456709167000002 0.00038948893324304107
2.3386 0.0012982420833 0.0003980296707444596
2.3479 0.0009724264167000002 0.0004599332303722891
2.35719 0.0010811983333 0.00040945244418075255
2.36649 0.001172512 0.0004752162236317805
2.37579 0.0013776030000000002 0.0004421136539688593
2.38509 0.0015699450832999998 0.0005298185460021547
2.39439 0.0010704675 0.0005040437804817987
2.40369 0.0010676158332999998 0.0005088948176330606
2.41299 0.0010156480833 0.0006488477796961184
2.42228 0.0007093653333 0.0007546262162307866
2.43158 0.0008148434999999999 0.000795775182423791
2.44088 0.0007461739167000001 0.0006647756722401654
2.45018 0.0011811901667 0.0007759395739482564
2.45948 0.0009146685833000001 0.0007272591251613534
2.46878 0.0010436634167 0.0007166931123889504
2.47808 0.0007453093333 0.0007369882738821426
2.48737 0.00072072975 0.000852561390829681
2.49667 0.0010703365 0.0008328473866884276
2.50597 0.0008150767499999999 0.0007916663426167982
2.51527 0.0008062659999999999 0.0008348523370643326
2.52457 0.0009686945000000003 0.0009399995854214567
2.53387 0.0015803437500000004 0.0017162529208293413
2.54317 0.0007301351 0.002178127977546039
2.55246 0.00343559815 0.005087866745994682
