
SAXS BOX                                                                        
     619         0         0         0         0         0         0         0 
  0.000000E+00   3.068000E+02   0.000000E+00   1.000000E+00   1.542000E-01
  2.500000E+01   1.062232E+00   0.000000E+00   0.000000E+00   0.000000E+00 
 3.7679736E-02  4.7446651E+01 0 
 3.9962273E-02  4.2399952E+01 0 
 4.2244811E-02  3.6606121E+01 0 
 4.4527344E-02  3.2241951E+01 0 
 4.6809882E-02  2.8271030E+01 0 
 4.9092419E-02  2.5384108E+01 0 
 5.1374957E-02  2.2335413E+01 0 
 5.3657494E-02  2.0100262E+01 0 
 5.5940032E-02  1.8167578E+01 0 
 5.8222570E-02  1.6618492E+01 0 
 6.0505107E-02  1.5379637E+01 0 
 6.2787645E-02  1.4429399E+01 0 
 6.5070182E-02  1.3339735E+01 0 
 6.7352720E-02  1.2383981E+01 0 
 6.9635257E-02  1.1564075E+01 0 
 7.1917787E-02  1.0971451E+01 0 
 7.4200332E-02  1.0413614E+01 0 
 7.6482862E-02  9.8968620E+00 0 
 7.8765407E-02  9.5711079E+00 0 
 8.1047937E-02  8.9675989E+00 0 
 8.3330475E-02  8.6300402E+00 0 
 8.5613012E-02  8.2645168E+00 0 
 8.7895550E-02  7.9367461E+00 0 
 9.0178087E-02  7.6778646E+00 0 
 9.2460625E-02  7.6700611E+00 0 
 9.4743162E-02  7.3768210E+00 0 
 9.7025700E-02  7.1822510E+00 0 
 9.9308237E-02  7.0630713E+00 0 
 1.0159077E-01  6.9794583E+00 0 
 1.0387331E-01  6.7258649E+00 0 
 1.0615585E-01  6.6489010E+00 0 
 1.0843839E-01  6.5699949E+00 0 
 1.1072092E-01  6.3531013E+00 0 
 1.1300346E-01  6.3449101E+00 0 
 1.1528599E-01  6.2356339E+00 0 
 1.1756853E-01  6.1882920E+00 0 
 1.1985107E-01  6.2069893E+00 0 
 1.2213361E-01  6.1722779E+00 0 
 1.2441614E-01  6.0937886E+00 0 
 1.2669867E-01  6.1011868E+00 0 
 1.2898122E-01  6.1038847E+00 0 
 1.3126376E-01  6.0838761E+00 0 
 1.3354629E-01  6.0783715E+00 0 
 1.3582882E-01  6.1084895E+00 0 
 1.3811137E-01  6.0899663E+00 0 
 1.4039391E-01  6.1936822E+00 0 
 1.4267644E-01  6.1914406E+00 0 
 1.4495897E-01  6.2890940E+00 0 
 1.4724150E-01  6.3570952E+00 0 
 1.4952405E-01  6.2753620E+00 0 
 1.5180659E-01  6.4204602E+00 0 
 1.5408912E-01  6.3995233E+00 0 
 1.5637165E-01  6.3416853E+00 0 
 1.5865420E-01  6.3796182E+00 0 
 1.6093674E-01  6.4540668E+00 0 
 1.6321927E-01  6.3855667E+00 0 
 1.6550180E-01  6.3813839E+00 0 
 1.6778435E-01  6.4835644E+00 0 
 1.7006688E-01  6.4483366E+00 0 
 1.7234942E-01  6.4652491E+00 0 
 1.7463195E-01  6.4486680E+00 0 
 1.7691450E-01  6.3294802E+00 0 
 1.7919703E-01  6.3371358E+00 0 
 1.8147957E-01  6.3452673E+00 0 
 1.8376210E-01  6.1327510E+00 0 
 1.8604465E-01  5.9790435E+00 0 
 1.8832718E-01  5.9764585E+00 0 
 1.9060972E-01  5.8076906E+00 0 
 1.9289225E-01  5.6840901E+00 0 
 1.9517480E-01  5.6185584E+00 0 
 1.9745733E-01  5.3773441E+00 0 
 1.9973987E-01  5.2028804E+00 0 
 2.0202240E-01  5.0507894E+00 0 
 2.0430493E-01  4.9158945E+00 0 
 2.0658748E-01  4.6290231E+00 0 
 2.0887001E-01  4.4839039E+00 0 
 2.1115255E-01  4.2806787E+00 0 
 2.1343508E-01  4.0810318E+00 0 
 2.1571763E-01  3.8427315E+00 0 
 2.1800016E-01  3.6330943E+00 0 
 2.2028270E-01  3.4517481E+00 0 
 2.2256523E-01  3.3235888E+00 0 
 2.2484778E-01  3.1450441E+00 0 
 2.2713031E-01  2.9845233E+00 0 
 2.2941285E-01  2.8569024E+00 0 
 2.3169538E-01  2.7139201E+00 0 
 2.3397793E-01  2.5474770E+00 0 
 2.3626046E-01  2.4304569E+00 0 
 2.3854299E-01  2.3323250E+00 0 
 2.4082553E-01  2.2234561E+00 0 
 2.4310806E-01  2.0836926E+00 0 
 2.4539061E-01  1.9917649E+00 0 
 2.4767314E-01  1.8717151E+00 0 
 2.4995568E-01  1.8319763E+00 0 
 2.5223821E-01  1.7559385E+00 0 
 2.5452077E-01  1.7090712E+00 0 
 2.5680327E-01  1.5979606E+00 0 
 2.5908583E-01  1.6282568E+00 0 
 2.6136836E-01  1.5354040E+00 0 
 2.6365089E-01  1.4857045E+00 0 
 2.6593345E-01  1.4609356E+00 0 
 2.6821598E-01  1.3796151E+00 0 
 2.7049851E-01  1.3629932E+00 0 
 2.7278107E-01  1.3711401E+00 0 
 2.7506357E-01  1.3160063E+00 0 
 2.7734613E-01  1.2551436E+00 0 
 2.7962866E-01  1.2698805E+00 0 
 2.8191119E-01  1.2573854E+00 0 
 2.8419375E-01  1.2050750E+00 0 
 2.8647625E-01  1.1868802E+00 0 
 2.8875881E-01  1.1607112E+00 0 
 2.9104137E-01  1.1375855E+00 0 
 2.9332387E-01  1.1359559E+00 0 
 2.9560643E-01  1.1358166E+00 0 
 2.9788893E-01  1.1182930E+00 0 
 3.0017149E-01  1.1084017E+00 0 
 3.0245405E-01  1.0917374E+00 0 
 3.0473655E-01  1.1190476E+00 0 
 3.0701911E-01  1.1111068E+00 0 
 3.0930167E-01  1.1064805E+00 0 
 3.1158417E-01  1.0760232E+00 0 
 3.1386673E-01  1.0809649E+00 0 
 3.1614923E-01  1.0749481E+00 0 
 3.1843179E-01  1.0830103E+00 0 
 3.2071435E-01  1.0605922E+00 0 
 3.2299685E-01  1.0533932E+00 0 
 3.2527941E-01  1.0573493E+00 0 
 3.2756191E-01  1.0651670E+00 0 
 3.2984447E-01  1.0698398E+00 0 
 3.3212703E-01  1.0562141E+00 0 
 3.3440953E-01  1.0433697E+00 0 
 3.3669209E-01  1.0713308E+00 0 
 3.3897465E-01  1.0501020E+00 0 
 3.4125715E-01  1.0611122E+00 0 
 3.4353971E-01  1.0824200E+00 0 
 3.4582222E-01  1.0533440E+00 0 
 3.4810477E-01  1.0565258E+00 0 
 3.5038733E-01  1.0542852E+00 0 
 3.5266984E-01  1.0349504E+00 0 
 3.5495239E-01  1.0486928E+00 0 
 3.5723490E-01  1.0483278E+00 0 
 3.5951746E-01  1.0425671E+00 0 
 3.6180001E-01  9.9985725E-01 0 
 3.6408252E-01  1.0134454E+00 0 
 3.6636508E-01  9.9820590E-01 0 
 3.6864763E-01  9.9943048E-01 0 
 3.7093014E-01  1.0072323E+00 0 
 3.7321270E-01  1.0086837E+00 0 
 3.7549520E-01  9.8213887E-01 0 
 3.7777776E-01  9.6772653E-01 0 
 3.8006032E-01  9.5726800E-01 0 
 3.8234282E-01  9.5728987E-01 0 
 3.8462538E-01  9.4836396E-01 0 
 3.8690788E-01  9.3486989E-01 0 
 3.8919044E-01  9.2835611E-01 0 
 3.9147300E-01  9.2407393E-01 0 
 3.9375550E-01  8.9993328E-01 0 
 3.9603806E-01  9.0101802E-01 0 
 3.9832062E-01  8.7470526E-01 0 
 4.0060312E-01  8.6160612E-01 0 
 4.0288568E-01  8.4105372E-01 0 
 4.0516818E-01  8.3993119E-01 0 
 4.0745074E-01  8.3301586E-01 0 
 4.0973330E-01  8.1836665E-01 0 
 4.1201580E-01  7.9443234E-01 0 
 4.1429836E-01  7.8045905E-01 0 
 4.1658092E-01  7.5640237E-01 0 
 4.1886342E-01  7.4887437E-01 0 
 4.2114598E-01  7.2613305E-01 0 
 4.2342848E-01  7.1284992E-01 0 
 4.2571104E-01  7.2012329E-01 0 
 4.2799360E-01  7.0243257E-01 0 
 4.3027610E-01  6.9164264E-01 0 
 4.3255866E-01  6.7075384E-01 0 
 4.3484116E-01  6.5751100E-01 0 
 4.3712372E-01  6.4286631E-01 0 
 4.3940628E-01  6.3356787E-01 0 
 4.4168878E-01  6.4026648E-01 0 
 4.4397134E-01  6.4144313E-01 0 
 4.4625390E-01  6.1717439E-01 0 
 4.4853640E-01  6.0326624E-01 0 
 4.5081896E-01  5.8998513E-01 0 
 4.5310146E-01  6.0571575E-01 0 
 4.5538402E-01  5.7337606E-01 0 
 4.5766658E-01  5.4942578E-01 0 
 4.5994908E-01  5.6276733E-01 0 
 4.6223164E-01  5.5454755E-01 0 
 4.6451414E-01  5.4520506E-01 0 
 4.6679670E-01  5.2907956E-01 0 
 4.6907926E-01  5.2132380E-01 0 
 4.7136176E-01  5.1879448E-01 0 
 4.7364432E-01  5.1507926E-01 0 
 4.7592688E-01  5.0539625E-01 0 
 4.7820938E-01  4.8649117E-01 0 
 4.8049194E-01  4.9598336E-01 0 
 4.8277444E-01  4.8268837E-01 0 
 4.8505700E-01  4.7034994E-01 0 
 4.8733956E-01  4.6705276E-01 0 
 4.8962206E-01  4.4950473E-01 0 
 4.9190462E-01  4.4429532E-01 0 
 4.9418712E-01  4.5623198E-01 0 
 4.9646968E-01  4.5394084E-01 0 
 4.9875224E-01  4.3293932E-01 0 
 5.0103474E-01  4.3729261E-01 0 
 5.0331730E-01  4.3215531E-01 0 
 5.0559986E-01  4.2110419E-01 0 
 5.0788236E-01  4.2495924E-01 0 
 5.1016492E-01  4.2317757E-01 0 
 5.1244742E-01  4.1369781E-01 0 
 5.1472998E-01  4.2326868E-01 0 
 5.1701254E-01  4.1091651E-01 0 
 5.1929504E-01  3.9881885E-01 0 
 5.2157760E-01  4.0842625E-01 0 
 5.2386016E-01  4.1527316E-01 0 
 5.2614266E-01  4.1338524E-01 0 
 5.2842522E-01  4.0010664E-01 0 
 5.3070772E-01  4.0206087E-01 0 
 5.3299028E-01  3.9586511E-01 0 
 5.3527284E-01  3.8724566E-01 0 
 5.3755534E-01  3.8211328E-01 0 
 5.3983790E-01  3.8230741E-01 0 
 5.4212046E-01  3.8662735E-01 0 
 5.4440296E-01  3.8644072E-01 0 
 5.4668552E-01  3.8661909E-01 0 
 5.4896808E-01  3.7309769E-01 0 
 5.5125058E-01  3.7387690E-01 0 
 5.5353314E-01  3.8320652E-01 0 
 5.5581564E-01  3.6473346E-01 0 
 5.5809820E-01  3.6748031E-01 0 
 5.6038076E-01  3.7216860E-01 0 
 5.6266326E-01  3.5698327E-01 0 
 5.6494582E-01  3.6052418E-01 0 
 5.6722832E-01  3.7875205E-01 0 
 5.6951088E-01  3.6996323E-01 0 
 5.7179344E-01  3.6385259E-01 0 
 5.7407594E-01  3.6530158E-01 0 
 5.7635850E-01  3.6761928E-01 0 
 5.7864106E-01  3.7063822E-01 0 
 5.8092356E-01  3.5104150E-01 0 
 5.8320612E-01  3.4591645E-01 0 
 5.8548862E-01  3.3369312E-01 0 
 5.8777118E-01  3.4589496E-01 0 
 5.9005374E-01  3.4623924E-01 0 
 5.9233624E-01  3.3063975E-01 0 
 5.9461880E-01  3.4473416E-01 0 
 5.9690136E-01  3.4906217E-01 0 
 5.9918386E-01  3.4363297E-01 0 
 6.0146642E-01  3.2416543E-01 0 
 6.0374892E-01  3.2357728E-01 0 
 6.0603148E-01  3.2575479E-01 0 
 6.0831404E-01  3.3660311E-01 0 
 6.1059654E-01  3.1108031E-01 0 
 6.1287910E-01  3.0880997E-01 0 
 6.1516160E-01  3.1340152E-01 0 
 6.1744416E-01  3.1908444E-01 0 
 6.1972672E-01  3.2306495E-01 0 
 6.2200922E-01  3.0050418E-01 0 
 6.2429178E-01  2.8327733E-01 0 
 6.2657434E-01  2.8958932E-01 0 
 6.2885684E-01  2.9688042E-01 0 
 6.3113940E-01  3.1873548E-01 0 
 6.3342190E-01  3.0589280E-01 0 
 6.3570446E-01  2.9100236E-01 0 
 6.3798702E-01  2.7236953E-01 0 
 6.4026952E-01  2.8261754E-01 0 
 6.4255208E-01  2.8581312E-01 0 
 6.4483458E-01  2.9088336E-01 0 
 6.4711714E-01  2.7958721E-01 0 
 6.4939970E-01  2.8104755E-01 0 
 6.5168220E-01  2.7843681E-01 0 
 6.5396476E-01  2.8621411E-01 0 
 6.5624732E-01  2.7542982E-01 0 
 6.5852982E-01  2.7169746E-01 0 
 6.6081238E-01  2.6647809E-01 0 
 6.6309488E-01  2.6064950E-01 0 
 6.6537744E-01  2.5767386E-01 0 
 6.6766000E-01  2.4620099E-01 0 
 6.6994250E-01  2.5316530E-01 0 
 6.7222506E-01  2.5550014E-01 0 
 6.7450762E-01  2.6205000E-01 0 
 6.7679012E-01  2.4717377E-01 0 
 6.7907268E-01  2.3826370E-01 0 
 6.8135518E-01  2.5704119E-01 0 
 6.8363774E-01  2.5340569E-01 0 
 6.8592030E-01  2.4809159E-01 0 
 6.8820280E-01  2.3803908E-01 0 
 6.9048536E-01  2.5203773E-01 0 
 6.9276786E-01  2.3112866E-01 0 
 6.9505042E-01  2.3607542E-01 0 
 6.9733298E-01  2.3173274E-01 0 
 6.9961548E-01  2.4336556E-01 0 
 7.0189804E-01  2.3443067E-01 0 
 7.0418060E-01  2.3479471E-01 0 
 7.0646310E-01  2.3517674E-01 0 
 7.0874566E-01  2.3014058E-01 0 
 7.1102816E-01  2.1808168E-01 0 
 7.1331072E-01  2.1796624E-01 0 
 7.1559328E-01  2.2671108E-01 0 
 7.1787578E-01  2.2312552E-01 0 
 7.2015834E-01  2.3106639E-01 0 
 7.2244084E-01  2.2989772E-01 0 
 7.2472340E-01  2.1598394E-01 0 
 7.2700596E-01  2.1482566E-01 0 
 7.2928846E-01  2.1570784E-01 0 
 7.3157102E-01  1.9780245E-01 0 
 7.3385358E-01  2.0913282E-01 0 
 7.3613608E-01  2.1037391E-01 0 
 7.3841864E-01  2.0759213E-01 0 
 7.4070114E-01  2.0883144E-01 0 
 7.4298370E-01  2.0378472E-01 0 
 7.4526626E-01  2.0844398E-01 0 
 7.4754876E-01  2.0582058E-01 0 
 7.4983132E-01  1.9441934E-01 0 
 7.5211382E-01  2.0401403E-01 0 
 7.5439638E-01  1.9731697E-01 0 
 7.5667894E-01  2.0154510E-01 0 
 7.5896144E-01  2.0117156E-01 0 
 7.6124400E-01  2.0005192E-01 0 
 7.6352656E-01  2.1131614E-01 0 
 7.6580906E-01  2.0636918E-01 0 
 7.6809162E-01  1.9037910E-01 0 
 7.7037412E-01  1.9991314E-01 0 
 7.7265668E-01  1.9662629E-01 0 
 7.7493924E-01  1.8920200E-01 0 
 7.7722174E-01  1.9646941E-01 0 
 7.7950430E-01  1.8222348E-01 0 
 7.8178686E-01  1.8975143E-01 0 
 7.8406936E-01  1.9216572E-01 0 
 7.8635192E-01  1.8773365E-01 0 
 7.8863442E-01  1.7566673E-01 0 
 7.9091698E-01  1.8674311E-01 0 
 7.9319954E-01  1.9027378E-01 0 
 7.9548204E-01  1.7557569E-01 0 
 7.9776460E-01  1.8631865E-01 0 
 8.0004710E-01  1.8666971E-01 0 
 8.0232966E-01  1.7775558E-01 0 
 8.0461222E-01  1.8924855E-01 0 
 8.0689472E-01  1.7282939E-01 0 
 8.0917728E-01  1.7828016E-01 0 
 8.1145984E-01  1.8587731E-01 0 
 8.1374234E-01  1.8368778E-01 0 
 8.1602490E-01  1.8084414E-01 0 
 8.1830740E-01  1.7033732E-01 0 
 8.2058996E-01  1.7754118E-01 0 
 8.2287252E-01  1.7144769E-01 0 
 8.2515502E-01  1.8219520E-01 0 
 8.2743758E-01  1.7530558E-01 0 
 8.2972008E-01  1.6670598E-01 0 
 8.3200264E-01  1.6327806E-01 0 
 8.3428520E-01  1.7537935E-01 0 
 8.3656770E-01  1.7219549E-01 0 
 8.3885026E-01  1.6751155E-01 0 
 8.4113282E-01  1.6877186E-01 0 
 8.4341532E-01  1.7017587E-01 0 
 8.4569788E-01  1.6963015E-01 0 
 8.4798038E-01  1.5482223E-01 0 
 8.5026294E-01  1.7278507E-01 0 
 8.5254550E-01  1.5997481E-01 0 
 8.5482800E-01  1.6175207E-01 0 
 8.5711056E-01  1.7556396E-01 0 
 8.5939306E-01  1.6868670E-01 0 
 8.6167562E-01  1.6811305E-01 0 
 8.6395818E-01  1.6994584E-01 0 
 8.6624068E-01  1.6487333E-01 0 
 8.6852324E-01  1.5874816E-01 0 
 8.7080580E-01  1.6160476E-01 0 
 8.7308830E-01  1.6896109E-01 0 
 8.7537086E-01  1.6741563E-01 0 
 8.7765336E-01  1.5808362E-01 0 
 8.7993592E-01  1.5876253E-01 0 
 8.8221848E-01  1.5622672E-01 0 
 8.8450098E-01  1.6058682E-01 0 
 8.8678354E-01  1.4351325E-01 0 
 8.8906610E-01  1.5358329E-01 0 
 8.9134860E-01  1.4289349E-01 0 
 8.9363116E-01  1.4564672E-01 0 
 8.9591366E-01  1.4398280E-01 0 
 8.9819622E-01  1.4173637E-01 0 
 9.0047878E-01  1.4488675E-01 0 
 9.0276128E-01  1.5677065E-01 0 
 9.0504384E-01  1.6074483E-01 0 
 9.0732634E-01  1.5246530E-01 0 
 9.0960890E-01  1.3315071E-01 0 
 9.1189146E-01  1.4149259E-01 0 
 9.1417396E-01  1.4860062E-01 0 
 9.1645652E-01  1.5334745E-01 0 
 9.1873908E-01  1.5019266E-01 0 
 9.2102158E-01  1.4467897E-01 0 
 9.2330414E-01  1.3802084E-01 0 
 9.2558664E-01  1.3440096E-01 0 
 9.2786920E-01  1.3711691E-01 0 
 9.3015176E-01  1.4556836E-01 0 
 9.3243426E-01  1.4425132E-01 0 
 9.3471682E-01  1.4671913E-01 0 
 9.3699932E-01  1.4009160E-01 0 
 9.3928188E-01  1.4266862E-01 0 
 9.4156444E-01  1.3764682E-01 0 
 9.4384694E-01  1.4498854E-01 0 
 9.4612950E-01  1.4056854E-01 0 
 9.4841206E-01  1.3129064E-01 0 
 9.5069456E-01  1.4662561E-01 0 
 9.5297712E-01  1.3694318E-01 0 
 9.5525962E-01  1.3889879E-01 0 
 9.5754218E-01  1.4472124E-01 0 
 9.5982474E-01  1.4215659E-01 0 
 9.6210724E-01  1.4159045E-01 0 
 9.6438980E-01  1.2880816E-01 0 
 9.6667236E-01  1.3095474E-01 0 
 9.6895486E-01  1.4157552E-01 0 
 9.7123742E-01  1.3515785E-01 0 
 9.7351992E-01  1.3223223E-01 0 
 9.7580248E-01  1.2964801E-01 0 
 9.7808504E-01  1.3559510E-01 0 
 9.8036754E-01  1.3658874E-01 0 
 9.8265010E-01  1.3086417E-01 0 
 9.8493260E-01  1.2997791E-01 0 
 9.8721516E-01  1.3438287E-01 0 
 9.8949772E-01  1.3923419E-01 0 
 9.9178022E-01  1.3486293E-01 0 
 9.9406278E-01  1.2974828E-01 0 
 9.9634534E-01  1.2349659E-01 0 
 9.9862784E-01  1.1910810E-01 0 
 1.0009104E+00  1.2483183E-01 0 
 1.0031929E+00  1.2528282E-01 0 
 1.0054754E+00  1.3457043E-01 0 
 1.0077580E+00  1.2663500E-01 0 
 1.0100405E+00  1.2856008E-01 0 
 1.0123230E+00  1.2955700E-01 0 
 1.0146055E+00  1.2399009E-01 0 
 1.0168881E+00  1.1964080E-01 0 
 1.0191706E+00  1.2355488E-01 0 
 1.0214531E+00  1.2418640E-01 0 
 1.0237358E+00  1.3624899E-01 0 
 1.0260183E+00  1.2057621E-01 0 
 1.0283008E+00  1.2797466E-01 0 
 1.0305834E+00  1.3932832E-01 0 
 1.0328659E+00  1.2719990E-01 0 
 1.0351484E+00  1.2743615E-01 0 
 1.0374310E+00  1.3595895E-01 0 
 1.0397135E+00  1.3825259E-01 0 
 1.0419960E+00  1.3189547E-01 0 
 1.0442786E+00  1.2719305E-01 0 
 1.0465611E+00  1.2731616E-01 0 
 1.0488436E+00  1.2645744E-01 0 
 1.0511262E+00  1.1964922E-01 0 
 1.0534087E+00  1.2067451E-01 0 
 1.0556912E+00  1.2602760E-01 0 
 1.0579739E+00  1.2284338E-01 0 
 1.0602564E+00  1.1135992E-01 0 
 1.0625389E+00  1.1385319E-01 0 
 1.0648215E+00  1.2776004E-01 0 
 1.0671040E+00  1.2454573E-01 0 
 1.0693865E+00  1.2223438E-01 0 
 1.0716690E+00  1.1283517E-01 0 
 1.0739516E+00  1.2222829E-01 0 
 1.0762341E+00  1.2023821E-01 0 
 1.0785166E+00  1.1390025E-01 0 
 1.0807992E+00  1.2665258E-01 0 
 1.0830817E+00  1.2897906E-01 0 
 1.0853642E+00  1.1858240E-01 0 
 1.0876468E+00  1.2681811E-01 0 
 1.0899293E+00  1.2028237E-01 0 
 1.0922118E+00  1.1822392E-01 0 
 1.0944945E+00  1.1470845E-01 0 
 1.0967770E+00  1.1809995E-01 0 
 1.0990595E+00  1.2666108E-01 0 
 1.1013420E+00  1.2014651E-01 0 
 1.1036246E+00  1.2202462E-01 0 
 1.1059071E+00  1.2119612E-01 0 
 1.1081896E+00  1.1390231E-01 0 
 1.1104722E+00  1.1178911E-01 0 
 1.1127547E+00  1.1602053E-01 0 
 1.1150372E+00  1.1533044E-01 0 
 1.1173198E+00  1.1243692E-01 0 
 1.1196023E+00  1.1008242E-01 0 
 1.1218848E+00  1.1511076E-01 0 
 1.1241674E+00  1.1627191E-01 0 
 1.1264499E+00  1.2171703E-01 0 
 1.1287324E+00  1.1946449E-01 0 
 1.1310149E+00  1.1857610E-01 0 
 1.1332976E+00  1.2492699E-01 0 
 1.1355801E+00  1.2108211E-01 0 
 1.1378626E+00  1.0887342E-01 0 
 1.1401452E+00  1.0741113E-01 0 
 1.1424277E+00  1.1049564E-01 0 
 1.1447102E+00  1.0534085E-01 0 
 1.1469928E+00  1.0761856E-01 0 
 1.1492753E+00  1.1418264E-01 0 
 1.1515578E+00  1.1829966E-01 0 
 1.1538404E+00  1.1635723E-01 0 
 1.1561229E+00  1.0843029E-01 0 
 1.1584054E+00  1.1437487E-01 0 
 1.1606879E+00  1.0971490E-01 0 
 1.1629705E+00  1.1124516E-01 0 
 1.1652530E+00  1.1579946E-01 0 
 1.1675355E+00  1.1207993E-01 0 
 1.1698182E+00  1.0968250E-01 0 
 1.1721007E+00  1.2509272E-01 0 
 1.1743832E+00  1.2401001E-01 0 
 1.1766658E+00  1.1655108E-01 0 
 1.1789483E+00  1.1706991E-01 0 
 1.1812308E+00  1.2218490E-01 0 
 1.1835134E+00  1.1282020E-01 0 
 1.1857959E+00  1.1916988E-01 0 
 1.1880784E+00  1.2171756E-01 0 
 1.1903609E+00  1.2488243E-01 0 
 1.1926435E+00  1.1677374E-01 0 
 1.1949260E+00  1.1251277E-01 0 
 1.1972085E+00  1.1411016E-01 0 
 1.1994911E+00  1.1510099E-01 0 
 1.2017736E+00  1.1858522E-01 0 
 1.2040561E+00  1.1285823E-01 0 
 1.2063388E+00  1.1539792E-01 0 
 1.2086213E+00  1.1516456E-01 0 
 1.2109038E+00  1.1482581E-01 0 
 1.2131864E+00  1.1520571E-01 0 
 1.2154689E+00  1.1663139E-01 0 
 1.2177514E+00  1.1413177E-01 0 
 1.2200340E+00  9.7197123E-02 0 
 1.2223165E+00  1.0001983E-01 0 
 1.2245990E+00  1.0840377E-01 0 
 1.2268815E+00  1.0860457E-01 0 
 1.2291641E+00  1.0763123E-01 0 
 1.2314466E+00  1.1262963E-01 0 
 1.2337291E+00  1.1844249E-01 0 
 1.2360117E+00  1.1331932E-01 0 
 1.2382942E+00  1.1730766E-01 0 
 1.2405767E+00  1.2204484E-01 0 
 1.2428594E+00  1.1110123E-01 0 
 1.2451419E+00  1.1552164E-01 0 
 1.2474244E+00  1.0928275E-01 0 
 1.2497070E+00  1.0925723E-01 0 
 1.2519895E+00  1.0409301E-01 0 
 1.2542720E+00  1.0810704E-01 0 
 1.2565545E+00  1.0141302E-01 0 
 1.2588371E+00  9.1737263E-02 0 
 1.2611196E+00  1.0508318E-01 0 
 1.2634021E+00  1.1121198E-01 0 
 1.2656847E+00  1.0652268E-01 0 
 1.2679672E+00  1.0315026E-01 0 
 1.2702497E+00  1.1026742E-01 0 
 1.2725323E+00  1.1824004E-01 0 
 1.2748148E+00  1.1944400E-01 0 
 1.2770973E+00  1.0743309E-01 0 
 1.2793800E+00  1.1546789E-01 0 
 1.2816625E+00  1.0794054E-01 0 
 1.2839450E+00  1.1421522E-01 0 
 1.2862275E+00  1.1300108E-01 0 
 1.2885101E+00  1.0666574E-01 0 
 1.2907926E+00  1.0926032E-01 0 
 1.2930751E+00  1.0694090E-01 0 
 1.2953577E+00  1.0496928E-01 0 
 1.2976402E+00  1.1207562E-01 0 
 1.2999227E+00  1.1048523E-01 0 
 1.3022053E+00  1.0461855E-01 0 
 1.3044878E+00  1.0454402E-01 0 
 1.3067703E+00  1.1011936E-01 0 
 1.3090529E+00  1.0083436E-01 0 
 1.3113354E+00  1.0645098E-01 0 
 1.3136179E+00  1.0480497E-01 0 
 1.3159004E+00  9.9651188E-02 0 
 1.3181831E+00  9.9511832E-02 0 
 1.3204656E+00  9.6151516E-02 0 
 1.3227481E+00  9.9188440E-02 0 
 1.3250307E+00  1.0051083E-01 0 
 1.3273132E+00  1.0017551E-01 0 
 1.3295957E+00  1.0279166E-01 0 
 1.3318783E+00  1.1822011E-01 0 
 1.3341608E+00  1.0344034E-01 0 
 1.3364433E+00  1.0380115E-01 0 
 1.3387259E+00  1.0304379E-01 0 
 1.3410084E+00  1.0085413E-01 0 
 1.3432909E+00  1.0352772E-01 0 
 1.3455734E+00  9.7910710E-02 0 
 1.3478560E+00  1.0182265E-01 0 
 1.3501385E+00  1.1014900E-01 0 
 1.3524210E+00  1.0109323E-01 0 
 1.3547037E+00  9.8203510E-02 0 
 1.3569862E+00  1.0862887E-01 0 
 1.3592687E+00  1.0780416E-01 0 
 1.3615513E+00  1.0591383E-01 0 
 1.3638338E+00  1.0593086E-01 0 
 1.3661163E+00  9.6215948E-02 0 
 1.3683989E+00  1.0829553E-01 0 
 1.3706814E+00  1.2433063E-01 0 
 1.3729639E+00  1.1261027E-01 0 
 1.3752464E+00  1.0811542E-01 0 
 1.3775290E+00  1.0392926E-01 0 
 1.3798115E+00  1.0121597E-01 0 
 1.3820940E+00  1.0603178E-01 0 
 1.3843766E+00  1.0860834E-01 0 
 1.3866591E+00  1.1535151E-01 0 
 1.3889416E+00  1.0536874E-01 0 
 1.3912243E+00  9.9020742E-02 0 
 1.3935068E+00  9.7266309E-02 0 
 1.3957893E+00  1.0940466E-01 0 
 1.3980719E+00  1.1411948E-01 0 
 1.4003544E+00  1.1657619E-01 0 
 1.4026369E+00  1.2191125E-01 0 
 1.4049195E+00  1.1587711E-01 0 
 1.4072020E+00  1.1269068E-01 0 
 1.4094845E+00  9.7928874E-02 0 
 1.4117670E+00  1.0108574E-01 0 
 1.4140496E+00  8.0765471E-02 0 
 1.4163321E+00  1.0502500E-01 0 
 1.4186146E+00  1.1314242E-01 0 
 1.4208972E+00  1.0387936E-01 0 
 1.4231797E+00  1.0799383E-01 0 
 1.4254622E+00  9.1053121E-02 0 
 1.4277449E+00  1.0906325E-01 0 
 1.4300274E+00  1.0689758E-01 0 
 1.4323099E+00  1.1264454E-01 0 
 1.4345925E+00  1.1209550E-01 0 
 1.4368750E+00  1.0744372E-01 0 
 1.4391575E+00  1.1283644E-01 0 
 1.4414400E+00  1.0742801E-01 0 
 1.4437226E+00  9.4929151E-02 0 
 1.4460051E+00  9.2445023E-02 0 
 1.4482876E+00  8.8431835E-02 0 
