nothing special
nothing special
272
0.0650756 0.0008825112390199998 0.0034661257911873145
0.0836687 0.0008004319689333333 0.001731186644324221
0.102262 0.0032924458243 0.000991897046655302
0.120855 0.0032868277114333332 0.0007277916306807549
0.139448 0.0035913514341000003 0.0005980073458886078
0.158041 0.003310889923066666 0.00046386550041317644
0.176634 0.0032420351862333333 0.0004142790596646386
0.195227 0.0034124031608666664 0.00038619145850652943
0.21382 0.0029124097587 0.0003482727079329017
0.232413 0.003054631206166667 0.00032871161227882934
0.251006 0.0033533922014666664 0.00031874110451907324
0.269599 0.003366487482933333 0.00030586701380544933
0.288192 0.003196998726566666 0.0002888775739082607
0.306785 0.003212219873966667 0.00027817808434922294
0.325378 0.0032443643134666667 0.00026922340354016317
0.343971 0.0035457876814333333 0.0002657655628904393
0.362564 0.0037887969041000003 0.0002602811388400163
0.381157 0.0036665831674666666 0.0002523667572480738
0.39975 0.0034270920242333333 0.00024257822731492252
0.418343 0.0036056566576999995 0.00023779177597386362
0.436936 0.0036629211610333333 0.00023354680691435383
0.455529 0.0036269566188 0.0002273879285228643
0.474122 0.0035243129868666664 0.00021990377046098277
0.492715 0.003549576270233334 0.00021621418780441476
0.511308 0.0035134356756666672 0.00021267651930188754
0.529902 0.0033866776926333338 0.000206861566945709
0.548495 0.0033395758152666663 0.00020328309501866705
0.567088 0.0034024942462000003 0.00020096353950641688
0.585681 0.0035080574605 0.00019867622021889917
0.604274 0.003578058328733333 0.000196086759639338
0.622867 0.003732895859866667 0.00019453127679928267
0.64146 0.0038608996647666667 0.000192792620026858
0.660053 0.0037312069812333337 0.00018839748261821645
0.678646 0.0036648773502333336 0.00018529656938419677
0.697239 0.0036867276311999993 0.00018308513636836697
0.715832 0.003605960898433333 0.00017953961597617126
0.734425 0.003605574373833334 0.0001769853166345736
0.753018 0.0036087591929333334 0.0001757419787997724
0.771611 0.0037579928611 0.0001751949365434494
0.790204 0.003846921813866667 0.0001732992915835991
0.808797 0.0038278158842666664 0.0001707203504456029
0.82739 0.003795656304133334 0.00016804439281341266
0.845983 0.0039099208782 0.00016741301715987345
0.864576 0.0037960271405333332 0.00016471211116205685
0.883169 0.0037665443181666668 0.00016250509450348985
0.901762 0.0037577481850999996 0.00015987243227844525
0.920355 0.003910618706 0.00015995115180661817
0.938948 0.003929330435899999 0.00015899606384022996
0.957541 0.004029074406999999 0.00015823868948084224
0.976134 0.003962618829600001 0.00015557050499435347
0.994727 0.003995645076666667 0.00015474148737647396
1.01332 0.0039473611666666665 0.0001526655415815511
1.03191 0.0040392933223 0.0001517067852813625
1.05051 0.004042645166666667 0.0001502003190705789
1.0691 0.004103607958333334 0.00014927496589505507
1.08769 0.0040381675834 0.00014822410495163237
1.10629 0.004107188794566667 0.00014762893470880983
1.12488 0.004233259833333333 0.00014734396172662323
1.14347 0.004145324083333333 0.00014549748056380277
1.16206 0.003970679837366667 0.0001425301218490984
1.18066 0.004034666583333333 0.00014140111217654888
1.19925 0.004128317666666666 0.00014075543230053066
1.21784 0.003968606192733333 0.0001386402713353775
1.23644 0.004051308458333334 0.00013865013285509092
1.25503 0.004096245583333333 0.000138504402955568
1.27362 0.0041057626359 0.00013712229544057234
1.29222 0.00410298575 0.00013569423774206988
1.31081 0.0040994537916666665 0.00013531018518719433
1.3294 0.004075424166666667 0.0001346387407625529
1.348 0.003969395416666666 0.00013267659519065528
1.36659 0.004004080041666667 0.0001318082669697839
1.38518 0.003992443291666666 0.000130669823940777
1.40377 0.003929096760166667 0.00012912228538012894
1.42237 0.003968203041666667 0.0001283997657531154
1.44096 0.0038790487499999996 0.0001271068634701814
1.45955 0.0037698167712 0.00012551667036579333
1.47815 0.0038060035 0.0001250652566932444
1.49674 0.0037985121666666666 0.0001246959154636247
1.51533 0.003737035833333334 0.00012312430375769877
1.53393 0.0037108195833333336 0.000122122836736479
1.55252 0.003696789916666667 0.00012138746904897796
1.57111 0.003698477015033333 0.00012064802598612566
1.5897 0.0035098507389 0.00011858214373286252
1.6083 0.0035645005416666668 0.00011822791023867739
1.62689 0.0036413360833333335 0.00011798249148342359
1.64548 0.0034734546745333332 0.0001163285855731933
1.66408 0.0033585005833333334 0.00011471471560942023
1.68267 0.003268825208333333 0.00011310692448521528
1.70126 0.003257550135533333 0.00011284504018554822
1.71986 0.003310790208333333 0.00011333776699984243
1.73845 0.0031970945833333327 0.00011203515677370683
1.75704 0.0030958130668333333 0.00011031900862326937
1.77563 0.0030590953863 0.000109196395696663
1.79423 0.0030094505833333333 0.00010812600449619386
1.81282 0.0029201206249999997 0.00010706737498098285
1.83141 0.0028205649905666667 0.00010610070075095404
1.85001 0.0027843472916666665 0.00010527770977866273
1.8686 0.0027561860833333336 0.00010466860043794491
1.88719 0.0027772928321666665 0.00010452513688446028
1.90579 0.002723330916666666 0.00010391692720302703
1.92438 0.0026497206249999996 0.00010263910418755133
1.94297 0.0025381116285 0.00010129406467290097
1.96157 0.0024446030833333333 0.00010054023552904508
1.98016 0.0024351858333333336 0.000100070489879363
1.99875 0.0024536994583333332 9.97667869255697e-05
2.01734 0.0022935682156999997 9.818431251535057e-05
2.03594 0.0021571204166666667 9.680683674459686e-05
2.05453 0.002119391625 9.613329927704677e-05
2.07312 0.0020694832327999998 9.54286824805058e-05
2.09172 0.0019304523749999998 9.384975286826806e-05
2.11031 0.001923773875 9.352898904880957e-05
2.1289 0.0019603724159 9.347813743884385e-05
2.1475 0.0018566515833333336 9.214598413846508e-05
2.16609 0.0018227184583333334 9.141407020574179e-05
2.18468 0.0018701499166666668 9.16967077892923e-05
2.20327 0.0017540786250333333 9.070257901279398e-05
2.22187 0.0016324180833333334 8.949808057938622e-05
2.24046 0.0015871390879666665 8.880026474766954e-05
2.25905 0.001561420996833333 8.823694256932091e-05
2.27765 0.001587169625 8.813176988571857e-05
2.29624 0.0015056290833333336 8.743074893279914e-05
2.31483 0.0014519897196333335 8.671805708109971e-05
2.33343 0.0013588936249999998 8.555168725443592e-05
2.35202 0.0012951583749999998 8.491109536913737e-05
2.37061 0.0013323729744 8.478318879515989e-05
2.38921 0.0012931149583333334 8.397370510817613e-05
2.4078 0.0012043640833333334 8.297290442162505e-05
2.42639 0.0011971297694333331 8.300686407131462e-05
2.44498 0.0012142596839333332 8.338441817172678e-05
2.46358 0.0012337764166666665 8.280547306247917e-05
2.48217 0.0011005935416666666 8.150147591495776e-05
2.50076 0.00103062262902 8.068013094229431e-05
2.51936 0.0010221695416666669 8.041596323008937e-05
2.53795 0.0010340365 8.036312481713334e-05
2.55654 0.0010515452541600002 8.039894943344512e-05
2.57514 0.0009936832916666667 7.945623668556257e-05
2.59373 0.0009997979583333332 7.946802247008605e-05
2.61232 0.0009125111215733334 7.851273389904002e-05
2.63091 0.0009080419637066666 7.796351817159656e-05
2.64951 0.0008306825416666666 7.72030658802884e-05
2.6681 0.0008035921249999999 7.695423158839849e-05
2.68669 0.0007784552580666666 7.64161475951396e-05
2.70529 0.0006922358333333332 7.555296048070164e-05
2.72388 0.0006184967083333333 7.49630343205742e-05
2.74247 0.0007368435798566667 7.55391708716439e-05
2.76107 0.0007324301666666666 7.513538557930728e-05
2.77966 0.0006971410000000001 7.486926250524625e-05
2.79825 0.0006774191888766667 7.467653944811351e-05
2.81684 0.0006391616182799999 7.394402005308439e-05
2.83544 0.0005827618333333333 7.342734621360648e-05
2.85403 0.0006116497500000001 7.34691847408106e-05
2.87262 0.0006171784388433334 7.316074044658969e-05
2.89122 0.0006821349583333333 7.319429577008066e-05
2.90981 0.00065635942059 7.305484756257901e-05
2.9284 0.00060410890242 7.258371399788648e-05
2.947 0.0006201117083333333 7.22137794313759e-05
2.96559 0.0005283886666666666 7.13012556961691e-05
2.98418 0.0005326217534766666 7.108753238188928e-05
3.00278 0.0005620131666666667 7.092655969994292e-05
3.02137 0.0005563387083333334 7.070257013782992e-05
3.03996 0.0005420367007633333 7.044621582466841e-05
3.05855 0.0005182001095433334 7.006448106858597e-05
3.07715 0.0005696154166666667 7.03095091411346e-05
3.09574 0.0005674408918833334 7.015157408501284e-05
3.11433 0.0005342943091366667 6.967586745597181e-05
3.13293 0.0005131145416666667 6.934756737789025e-05
3.15152 0.00054656975 6.936329166826611e-05
3.17011 0.0005020126008033333 6.886841157402399e-05
3.18871 0.0004726557916666667 6.8250289127988e-05
3.2073 0.0004707984583333333 6.807257373026228e-05
3.22589 0.0004780015486733333 6.801929613014989e-05
3.24448 0.00046590647782 6.777293323031522e-05
3.26308 0.00043527675000000005 6.739142562066438e-05
3.28167 0.00048515911170999996 6.823595895269961e-05
3.30026 0.0005340465564499999 6.90680720050372e-05
3.31886 0.0005551763333333334 6.949634366104225e-05
3.33745 0.0004848985 6.95706202252833e-05
3.35604 0.0004578551102166666 7.107257392337446e-05
3.37464 0.000447059875 7.114873792698317e-05
3.39323 0.0005412847083333333 7.219121281853089e-05
3.41182 0.00046393740937333334 7.25336402204099e-05
3.43042 0.00046988916666666666 7.316217279274372e-05
3.44901 0.00047939987500000006 7.299029294464905e-05
3.4676 0.00042600485083333343 7.294932969579203e-05
3.48619 0.00046338685618 7.337452719007243e-05
3.50479 0.0005291043333333333 7.411403667531765e-05
3.52338 0.0005012142083333334 7.485911168190957e-05
3.54197 0.0004639584879033334 7.427768356184288e-05
3.56057 0.000441905125 7.48682981612707e-05
3.57916 0.0004084123678766666 7.646308613053793e-05
3.59775 0.00045098329139000003 7.474332459984722e-05
3.61635 0.0005312605 7.566576623288982e-05
3.63494 0.0004989956666666667 7.707886370881664e-05
3.65353 0.0005132144690833334 7.623848773015991e-05
3.67212 0.0005034604341399999 7.559298742662063e-05
3.69072 0.00042211245833333335 7.557639004016368e-05
3.70931 0.00048741112921 7.647775540780697e-05
3.7279 0.0005318273803733333 7.975046966923174e-05
3.7465 0.0005129604166666667 7.99675580085141e-05
3.76509 0.00055076961911 8.311072052357057e-05
3.78368 0.0005100761301033333 8.259296069242886e-05
3.80228 0.000490456125 8.794791099117188e-05
3.82087 0.000558645875 9.053026886513334e-05
3.83946 0.0005722456243233334 8.985206143785e-05
3.85805 0.0005408170826633334 9.024032426215447e-05
3.87665 0.0005070065 9.153540385003739e-05
3.89524 0.0005029485260166668 9.852580005036355e-05
3.91383 0.00042775072849 9.36892880376301e-05
3.93243 0.00044862983333333336 9.92401071986333e-05
3.95102 0.0005524411173133333 9.926402104921608e-05
3.96961 0.0005917416465033333 0.00010311200442233962
3.98821 0.0006279144999999999 0.00010345609865062857
4.0068 0.000537288125 0.00010245828740857021
4.02539 0.00046362117943333337 0.00010627675865662489
4.04398 0.00044285611693666667 0.0001046312118293228
4.06258 0.00048107091666666667 0.00010377010504903717
4.08117 0.00053015117362 0.0001084858976517662
4.09976 0.0004943667096733333 0.00010935375975234937
4.11836 0.0004141447083333333 0.00011069627056832897
4.13695 0.0003734002743366667 0.00011084534854775334
4.15554 0.00035247454772 0.00011567525528301949
4.17414 0.00046157212500000003 0.00011299089362808452
4.19273 0.0005769463124733333 0.0001213923508946576
4.21132 0.0005930283024233333 0.00012075788142742827
4.22992 0.0004528713333333334 0.00012271909374511424
4.24851 0.0005643790226566666 0.0001228743271707103
4.2671 0.0006483786841666666 0.00012717308121890794
4.28569 0.0005603592970433334 0.00012418938873049538
4.30429 0.00044508841666666667 0.00012686703252187657
4.32288 0.0005181452291633334 0.0001360014239734268
4.34147 0.0005490195860166667 0.00013073618552683468
4.36007 0.000417366625 0.00014288932509748403
4.37866 0.0005631806283066666 0.0001365861307397694
4.39725 0.0005150377184133334 0.00014624579153775746
4.41585 0.0004112368333333333 0.00015306052794880986
4.43444 0.00044620117204666665 0.00014129473243633397
4.45303 0.0005556781058733334 0.0001625394692369066
4.47162 0.00049868026008 0.00014874609539743185
4.49022 0.0003883269583333333 0.00015958847486427705
4.50881 0.0004166519670666667 0.00015537385649096245
4.5274 0.00044133896303333336 0.00018930061412301028
4.546 0.00041503150000000007 0.00017726029174136693
4.56459 0.00046718890668333334 0.00017012758051644818
4.58318 0.0005141939401833335 0.000173142093238889
4.60178 0.0003063134166666667 0.00019318432390421367
4.62037 0.00041674341857 0.00018304065466137948
4.63896 0.00036305696371000004 0.00018039735434782764
4.65756 0.0004229765 0.00020111934857134167
4.67615 0.000528606375 0.00019881875265973154
4.69474 0.00036569713104666663 0.00022966019451258062
4.71333 0.00046241398992 0.0002073483719063812
4.73193 0.0005832504087033332 0.00020878223029981377
4.75052 0.0004702346428933333 0.00023621522090345724
4.76911 0.00045942655443333337 0.00025133820859694195
4.78771 0.0005038592083333333 0.0002954291686534596
4.8063 0.0004889202539233333 0.000269288236225719
4.82489 0.0005566981955599999 0.000351838308833602
4.84349 0.00039173604166666665 0.0003384698348453309
4.86208 0.0003984952682866666 0.0003254850641610799
4.88067 0.00012340075067066665 0.0003341762440226321
4.89926 0.00015686027553733336 0.00038707712316596136
4.91786 0.0003263762604303333 0.0003958558972784756
4.93645 0.00046281813593833333 0.00036489211567807824
4.95504 0.0003918530577986667 0.00038658947115477086
4.97364 -7.548570833333333e-05 0.00042117889912847173
4.99223 -0.00013088497177 0.0004253504235377581
5.01082 0.0005470034939466667 0.0004194442988750263
5.02942 0.0006052733333333334 0.00044320845453144666
5.04801 0.0006025611143999999 0.0005530326445786341
5.0666 0.000268562016132 0.0008884818518036959
5.0852 0.0004063995833333333 0.0010033359744616233

