nothing special
nothing special
273
0.0232465 0.0361616667 0.0431396542221703
0.0325451 0.0168635 0.013315412230012919
0.0418437 0.003401125 0.007054070507520582
0.0511423 0.0018579999999999998 0.004291172189287874
0.0604409 0.002228275 0.0029002557396500305
0.0697395 0.003316341667 0.0021217981589085676
0.079038 0.003323679167 0.0015358745441256655
0.0883366 0.003568079167 0.0012481410819028228
0.0976352 0.0031234 0.0010515058292781306
0.106934 0.002974975 0.0009041222377281431
0.116232 0.002978520833 0.0008001952457376354
0.125531 0.00327455 0.000730131116897945
0.13483 0.002952508333 0.0006636515399642975
0.144128 0.0026506399999999997 0.0006114796634986779
0.153427 0.0027529104167000004 0.0005736868686330763
0.162725 0.0025650529166999997 0.0005384693890432014
0.172024 0.0022972491667 0.0005083415658740385
0.181323 0.0026074641667 0.0004921835202690575
0.190621 0.0025715433333 0.00047342916028419356
0.19992 0.0024786183333 0.00045400837693938416
0.209218 0.0020707466667000004 0.0004309700930146763
0.218517 0.002096 0.0004190903495954397
0.227816 0.0020981620833000003 0.0004084651482141381
0.237114 0.0018634054167 0.00039305918033274024
0.246413 0.0020270425000000003 0.0003860499364873552
0.255711 0.0019072162499999999 0.00037630605357556616
0.26501 0.0017977979167 0.0003654327239198291
0.274309 0.0021131125 0.00036258478535221295
0.283607 0.00216273375 0.00035677073794129077
0.292906 0.00185153875 0.0003451823043817548
0.302204 0.0020162325 0.0003417677523467037
0.311503 0.0020802479167 0.0003374009868251442
0.320802 0.00212164625 0.00033268248301654587
0.3301 0.00208122 0.00032606233700179524
0.339399 0.0018715066667 0.0003179518346840814
0.348697 0.0020564166667 0.00031680729248533023
0.357996 0.0020624529167 0.00031243120602926364
0.367294 0.0019565970833 0.0003058427996812146
0.376593 0.0019687304167 0.0003022740768973805
0.385892 0.00186378875 0.0002971979925468891
0.39519 0.0019616058333 0.0002943837062822845
0.404489 0.0021648891667 0.0002933430480477616
0.413787 0.0021315258333 0.00028927232102630236
0.423086 0.0020601841667 0.00028486256951099293
0.432385 0.0019111399999999998 0.00028000521188825694
0.441683 0.0018616520832999998 0.000276703617993705
0.450982 0.00189596125 0.0002742601029993287
0.46028 0.00202149625 0.0002729200891253087
0.469579 0.00210621125 0.00027095986135953234
0.478878 0.0021989387499999997 0.0002688973427119964
0.488176 0.0022513075 0.00026670112628145024
0.497475 0.0019719170833 0.00026091746650160134
0.506773 0.0018804791667000002 0.000256935681309626
0.516072 0.0018272366667 0.00025405878144749275
0.525371 0.0015907870833000001 0.0002486544538828311
0.534669 0.00163042375 0.0002468348887652671
0.543968 0.00192789375 0.00024932790213462366
0.553266 0.0019977166667 0.00024808724287512574
0.562565 0.0019643816666999997 0.00024556719814933405
0.571864 0.0018745616667000002 0.000242159417474505
0.581162 0.0017741416667000002 0.00023888490322820452
0.590461 0.0018696404167000001 0.0002384464004476456
0.599759 0.0018564120833 0.00023605413469153733
0.609058 0.0019593520833 0.00023525058669998232
0.618357 0.0022010083333000004 0.0002358826176343695
0.627655 0.00204779875 0.0002325369116240053
0.636954 0.00190232375 0.00022890032437645994
0.646252 0.0018993979167000001 0.0002271929853377807
0.655551 0.00184004875 0.0002248345616080939
0.664849 0.0019172558332999998 0.00022392267130021343
0.674148 0.0018556091667000002 0.0002220146605280907
0.683447 0.0019144458333 0.0002212171333531425
0.692745 0.0020090399999999997 0.0002207091488113427
0.702044 0.0020381104166999997 0.00021909040555847742
0.711342 0.0018195800000000001 0.0002155792807280061
0.720641 0.00193138375 0.00021554055918422146
0.72994 0.0020823295833 0.0002158127142439363
0.739238 0.0020226879166999998 0.0002136419942934349
0.748537 0.0020368616667 0.00021194542165925244
0.757835 0.00195290375 0.00021005685232451768
0.767134 0.0020338129167 0.00020950607876426403
0.776433 0.0019809920833 0.0002076038617793346
0.785731 0.0018590120832999999 0.00020500630101663833
0.79503 0.0017904708333 0.0002033598556442292
0.804328 0.0020136570833 0.0002046202665648786
0.813627 0.0020940775 0.0002037741739986365
0.822926 0.0019706154167 0.0002013485823153123
0.832224 0.0019467433333000001 0.00020004129356079845
0.841523 0.0020980020833 0.00020030149517784668
0.850821 0.0021985045833000003 0.00020012435602727473
0.86012 0.0018857545833 0.00019663719347208858
0.869419 0.0018121975 0.0001950261158170556
0.878717 0.0020573833333000003 0.00019606809799759336
0.888016 0.0021206220833 0.00019599796886740162
0.897314 0.0021328558333 0.00019495743971972463
0.906613 0.0020066270833 0.0001926113486637335
0.915912 0.0019885770833 0.00019115910051666716
0.92521 0.0019897258333 0.00019007042914616313
0.934509 0.0018977720833 0.0001882075297923652
0.943807 0.0019434275 0.00018798331615401374
0.953106 0.0020078616667 0.00018759538519742624
0.962405 0.0019501079167000002 0.0001861334492819053
0.971703 0.0020801116667 0.00018619881966564834
0.981002 0.0020222254167 0.0001857303642307227
0.9903 0.0020852641667 0.00018547179803550488
0.999599 0.0021300687499999998 0.00018457731658913263
1.0089 0.0021809241667 0.00018398965876922023
1.0182 0.0022451395833 0.00018345218750789446
1.02749 0.0022570020833000003 0.00018285810151624012
1.03679 0.0021720604167 0.00018124861664435424
1.04609 0.0021112779167 0.00017976745064299902
1.05539 0.0021518104166999997 0.00017947891463901468
1.06469 0.00211322 0.00017819032744891558
1.07399 0.0021998354167 0.00017814845065992218
1.08329 0.002111805 0.00017653962210739538
1.09258 0.00201510125 0.0001753699245850191
1.10188 0.0019688866667000003 0.0001741529398574735
1.11118 0.0019497466667 0.00017313011803525848
1.12048 0.0019295325 0.0001723026516592897
1.12978 0.0019755070833 0.00017199616286072767
1.13908 0.0020619445833 0.00017178436202540935
1.14838 0.0020313137500000003 0.00017095685484532245
1.15768 0.0020360279167 0.00017020534410633678
1.16697 0.00214546875 0.00017040093501309808
1.17627 0.002259475 0.00017056189435461406
1.18557 0.00221104375 0.0001694601053707672
1.19487 0.0021773675 0.00016847553449180112
1.20417 0.0021556945833 0.00016759604136286078
1.21347 0.0023051133333 0.00016823601147760575
1.22277 0.0023725808333 0.00016822619647449775
1.23206 0.0022162512499999997 0.00016626548793949005
1.24136 0.0022224925 0.00016548678073982943
1.25066 0.0022601225 0.00016523191444611662
1.25996 0.0021582070833000002 0.00016397802599621883
1.26926 0.0021768616667 0.00016351627196761612
1.27856 0.00218188375 0.00016291151714554762
1.28786 0.0022142295833 0.00016248549630455185
1.29715 0.0023115454167 0.00016259873973086512
1.30645 0.0023488750000000003 0.0001623950204126864
1.31575 0.0023143445833 0.00016155209392166518
1.32505 0.0021428016666999996 0.0001596898736803467
1.33435 0.00206540375 0.0001584768840848199
1.34365 0.0019373204167000002 0.00015707214085087232
1.35295 0.0020123091667 0.00015714475166628573
1.36224 0.0022363391667 0.00015806468085832038
1.37154 0.0023628037499999997 0.00015847675547566164
1.38084 0.00215767125 0.00015641730877878534
1.39014 0.0020488691667 0.00015520998969583414
1.39944 0.0021813125 0.0001558059569811077
1.40874 0.0020921275000000002 0.00015484940558584996
1.41804 0.0021029566667 0.0001543907186126736
1.42733 0.00217598875 0.00015432927255011646
1.43663 0.0021924870833 0.00015425163721781546
1.44593 0.0020990383333 0.00015301520585019206
1.45523 0.0022017712500000002 0.00015308870775073953
1.46453 0.0021345741667000004 0.00015218297759181287
1.47383 0.00205397625 0.0001510571124965276
1.48313 0.0020936058333 0.00015068655264567296
1.49242 0.0022094225 0.00015093707387805848
1.50172 0.0021167979167 0.00014990051013648615
1.51102 0.0020814054167 0.00014905877364598642
1.52032 0.0019808829167 0.0001478288165352018
1.52962 0.0020278795833 0.00014778292871573003
1.53892 0.0020250833333 0.00014740185437400074
1.54822 0.0020325904167 0.00014687427105978198
1.55751 0.0019666729167 0.00014598632080138122
1.56681 0.0020118541667 0.00014581434419009458
1.57611 0.0020820508333 0.00014593581756003194
1.58541 0.0020117654167 0.00014510864922214934
1.59471 0.0020767333333000003 0.00014505699990149004
1.60401 0.0020804595833 0.00014462294875081688
1.61331 0.0019915916667 0.00014352993475180107
1.6226 0.0019265950000000001 0.00014284399646998595
1.6319 0.00191635125 0.0001422555713780119
1.6412 0.00195715875 0.0001434782298229426
1.6505 0.0019579841667 0.00014684460602615632
1.6598 0.0019503079167000003 0.0001446860367073234
1.6691 0.0019032220833000001 0.00014630504487612338
1.6784 0.0018465591667000002 0.00014813949743936247
1.68769 0.0018559329167 0.00015101935152952894
1.69699 0.0019107033333 0.00014970188541513823
1.70629 0.0017807916667000002 0.00015013457772409633
1.71559 0.0018037270833 0.00015299809092285326
1.72489 0.0018058170832999999 0.00015329681808758913
1.73419 0.0018044395832999998 0.00015199622707390853
1.74349 0.00183031375 0.0001528925208706235
1.75279 0.0017769179167 0.00015566503952390694
1.76208 0.0018693849999999999 0.00015496643787429732
1.77138 0.0018317945833 0.00015477293149288105
1.78068 0.0018686595833 0.0001580961315743035
1.78998 0.0016871970833 0.00015772307197372127
1.79928 0.0017467233333 0.00015563454116708733
1.80858 0.0018784533333 0.0001564386204729729
1.81788 0.0016832741667 0.00015912499277480653
1.82717 0.0016372908333 0.00015572708508923417
1.83647 0.0015838504167000002 0.00015876350230379627
1.84577 0.0015627116667 0.00015730880974052853
1.85507 0.0017122779167 0.00015756865944341442
1.86437 0.0017354883332999999 0.00016269115231036987
1.87367 0.0016393366667 0.0001631144962713038
1.88297 0.0016231391667 0.00016706414294514568
1.89226 0.00155694625 0.00016702079455355547
1.90156 0.00157371375 0.00017455836415996307
1.91086 0.0015495141667000003 0.00018025958306487944
1.92016 0.0016717512499999998 0.0001862779214817466
1.92946 0.0016894545832999998 0.00019168808928777316
1.93876 0.0015572370832999999 0.00018978929594531412
1.94806 0.0015124899999999998 0.00019304132119875027
1.95735 0.00163641625 0.00019669617495770382
1.96665 0.0016514558333 0.0001978419566349511
1.97595 0.0015472587500000002 0.00019533719553047226
1.98525 0.0014194766667000001 0.00019995622892188646
1.99455 0.0014268608333 0.0002030484094999158
2.00385 0.00141920875 0.00020339735395737
2.01315 0.0014510958332999999 0.0002200990805524182
2.02244 0.00137672 0.00020791599682286433
2.03174 0.00122130375 0.0002071939900472995
2.04104 0.0011779825000000001 0.0002138076810509048
2.05034 0.00126708125 0.00021620110477557806
2.05964 0.0012151133333 0.00021765580799942792
2.06894 0.001332715 0.00022965670704696545
2.07824 0.0013845383332999998 0.00023070990113029918
2.08753 0.0011564474999999999 0.00022564534392592375
2.09683 0.00125160125 0.00023663995152543743
2.10613 0.0014726379167 0.000236924905670455
2.11543 0.00143910875 0.00024369471398729827
2.12473 0.0011109495832999998 0.00023813277827459744
2.13403 0.0011003425 0.00025988929730546976
2.14333 0.0012027708332999999 0.00024656367810623565
2.15262 0.0010836441667 0.0002489672829571663
2.16192 0.0009651462499999999 0.00028195389252735887
2.17122 0.00102282625 0.00025526039281620696
2.18052 0.00123703875 0.0002886183489518142
2.18982 0.0011330441667 0.0002689931224993689
2.19912 0.0009588979167 0.00029365800336221553
2.20842 0.0011117529167 0.00029174605236251277
2.21771 0.00138647125 0.0002852336797079293
2.22701 0.0013428629167000002 0.00031649155749294283
2.23631 0.0011229641667 0.0003566134413889808
2.24561 0.0008982554167000001 0.00030368957434525007
2.25491 0.0009274979167000001 0.0003392558064788415
2.26421 0.0009267737500000001 0.0003227659929765118
2.27351 0.0008235866667000002 0.00037409873509657254
2.2828 0.0007549008332999999 0.0003333076904808597
2.2921 0.00095862125 0.0003916877626686309
2.3014 0.0012629108333 0.00036674497209733943
2.3107 0.0014478504167000001 0.0004197787675028388
2.32 0.0012201304167 0.000405408704929123
2.3293 0.0011772179167000001 0.00038272949425241374
2.3386 0.0009773070832999999 0.0003871777828255781
2.3479 0.0009541179167 0.0004561027841865039
2.35719 0.0006046058333 0.00039661083144647573
2.36649 0.00092585 0.0004717974711895594
2.37579 0.001053025 0.0004346012506083039
2.38509 0.0011356570833 0.0005254075541232036
2.39439 0.00101072 0.0004994802261137929
2.40369 0.0012439183333000001 0.0005101522705600002
2.41299 0.0012401645833 0.0006381597250646132
2.42228 0.0008652108332999999 0.0007199433904845094
2.43158 0.001244355 0.0008366679022920417
2.44088 0.0008884829167000001 0.0006638388509671876
2.45018 0.0010084516667000002 0.0007503432424916957
2.45948 0.0006311695833 0.0007146797717356165
2.46878 0.00039984541670000004 0.0006850393460771537
2.47808 0.0006800683333 0.0007258336386971763
2.48737 0.00098703875 0.0008526397777972559
2.49667 0.000941335 0.0008174825099061786
2.50597 0.00107076625 0.0007958958969125513
2.51527 0.000578265 0.000823290639395513
2.52457 0.00029620250000000003 0.0009015597013029309
2.53387 0.0004926537499999999 0.0015174322994786944
2.54317 -0.00021591750000000005 0.0021101779325424187
2.55246 0.0001030260000000001 0.004210997716552106
