nothing special
nothing special
273
0.0232465 0.0197541667 0.04292096932795732
0.0325451 0.0104205 0.013266638639001944
0.0418437 0.005202375 0.007065114536847873
0.0511423 0.00405925 0.0043100108357043915
0.0604409 0.004986775000000001 0.0029330462597229193
0.0697395 0.0039008666669999997 0.002130485127304221
0.079038 0.003444279167 0.001538002969214646
0.0883366 0.0034515791669999995 0.0012460289719696258
0.0976352 0.002818125 0.0010456976480973034
0.106934 0.0031383500000000003 0.0009064061817350255
0.116232 0.003073870833 0.0008011954844096772
0.125531 0.002610775 0.0007169758178056663
0.13483 0.0025077583329999997 0.0006537790150651664
0.144128 0.00233249 0.0006033035540802033
0.153427 0.0027485104167 0.0005729476964242041
0.162725 0.0023637629167 0.0005347738487867112
0.172024 0.0020324316667 0.0005024847479822588
0.181323 0.0021000841667 0.0004817960164713113
0.190621 0.0016257958333000002 0.0004548548775987508
0.19992 0.0021966958333000004 0.0004484722232042855
0.209218 0.0022486016666999997 0.00043422502841666474
0.218517 0.00200743 0.00041770401421893893
0.227816 0.0021796070832999998 0.00040972244305384595
0.237114 0.0021901479166999997 0.00039902784515868765
0.246413 0.0022549775 0.0003902750384924887
0.255711 0.00208551125 0.0003789098676469981
0.26501 0.0018327929167 0.00036604910485838176
0.274309 0.0022566450000000003 0.00036475592838056874
0.283607 0.00228027625 0.0003585011705027484
0.292906 0.00223696125 0.0003509992134521389
0.302204 0.0020658125 0.0003424133475568879
0.311503 0.0019252004167 0.0003348480816208017
0.320802 0.00163817375 0.000324839451970966
0.3301 0.001812155 0.00032149190421560737
0.339399 0.0018132491667 0.0003161928973565668
0.348697 0.0013547066667000001 0.00030607516533016834
0.357996 0.0018120504167 0.00030906354907464344
0.367294 0.0020143495833 0.00030667377062931414
0.376593 0.0018900929167 0.0003008300100775211
0.385892 0.00184804875 0.00029637769068515226
0.39519 0.0019978458333 0.0002944409216096272
0.404489 0.0021102116666999998 0.00029227327938654695
0.413787 0.0020574983333 0.00028802920882864587
0.423086 0.0018974216667000002 0.00028247574949778916
0.432385 0.0015951124999999998 0.0002756024931584834
0.441683 0.0015961320833 0.00027294883048375025
0.450982 0.00175827375 0.0002724076345179246
0.46028 0.00193353375 0.00027146013130698385
0.469579 0.00196272875 0.000268664313383541
0.478878 0.0017271262500000001 0.0002627450515130312
0.488176 0.0018155075 0.00026120872899121946
0.497475 0.0018859195832999999 0.0002594003740928871
0.506773 0.0019392941667 0.0002574624502256924
0.516072 0.0018334366667000002 0.00025387500768535786
0.525371 0.0017810645833 0.00025086448047527757
0.534669 0.00188917375 0.00024972045937845453
0.543968 0.0017713712499999998 0.0002470714903185974
0.553266 0.0018617816667 0.0002457661813717099
0.562565 0.0017265741667000002 0.00024250815304308217
0.571864 0.0017332766667 0.0002405111275620729
0.581162 0.0019327966667000002 0.00024061353177568125
0.590461 0.0017986029166999998 0.00023715054172109915
0.599759 0.0018649195833 0.00023610182052246395
0.609058 0.0017828995833 0.00023303801659966584
0.618357 0.0015711308333000002 0.0002287088340317865
0.627655 0.00163361375 0.00022766154773944144
0.636954 0.00190826625 0.00022879619890376696
0.646252 0.0020159129167 0.0002280922476178613
0.655551 0.00181674125 0.00022449140660898731
0.664849 0.0018650708333 0.00022321566726159436
0.674148 0.0019868391667 0.00022316007334570762
0.683447 0.0019596908333 0.0002215673444698109
0.692745 0.0017714175 0.00021840493958414124
0.702044 0.0018725879167 0.0002174277364278794
0.711342 0.0020464325 0.00021787017751938084
0.720641 0.0019273387499999998 0.00021547158697248194
0.72994 0.0017832120832999999 0.00021262944928968013
0.739238 0.0016761304167 0.00020994802303894125
0.748537 0.0017558816667 0.00020914373279902522
0.757835 0.00185405625 0.00020917060498930855
0.767134 0.0018034754167000002 0.00020717337759071946
0.776433 0.0017628070833 0.0002054634555778749
0.785731 0.0021153670833 0.00020752960703334167
0.79503 0.0021089508333000002 0.0002064804014203965
0.804328 0.0019541370833 0.00020384891323406535
0.813627 0.00205431 0.00020344379517397922
0.822926 0.0019989654167 0.00020162370994098816
0.832224 0.0019657808333 0.00020013399846851356
0.841523 0.0019579870832999997 0.00019876161108626564
0.850821 0.0019726170833 0.00019793033394510038
0.86012 0.0020098070833 0.00019771803949175827
0.869419 0.0020754125 0.00019701609813731904
0.878717 0.0020331608333 0.00019549666830443737
0.888016 0.0020115970832999997 0.0001945720997267632
0.897314 0.0020826758333 0.00019410798484713915
0.906613 0.0019875970833000004 0.00019217595390537417
0.915912 0.0019893645833 0.0001911160538381212
0.92521 0.0021900158333 0.00019186761056956233
0.934509 0.0020204195832999997 0.0001893682112892436
0.943807 0.0019431325000000001 0.00018802099853646202
0.953106 0.0020108716667 0.00018751777096944627
0.962405 0.0020315379167 0.0001867048554894247
0.971703 0.0019674816667 0.00018525068474540171
0.981002 0.0020183579167 0.00018577306326647076
0.9903 0.0020653416667 0.00018492648593639586
0.999599 0.00221710625 0.00018508114399800284
1.0089 0.0022925066666999996 0.00018483500644228494
1.0182 0.0022095445833000002 0.00018301104540116112
1.02749 0.0020924795833 0.00018113333839365247
1.03679 0.0020685954167 0.0001802134873610764
1.04609 0.0020637479167 0.00017966916368783044
1.05539 0.0019506579167 0.0001778481457197816
1.06469 0.001948515 0.0001769167341246971
1.07399 0.0020817604167000002 0.0001773738752582617
1.08329 0.002060915 0.0001763588002976105
1.09258 0.00208390125 0.00017621604607763003
1.10188 0.0020932341667000004 0.0001753400020707139
1.11118 0.0021151216666999996 0.00017476420310699904
1.12048 0.0021524499999999998 0.0001744255062255176
1.12978 0.0021944245833000003 0.00017414066747065333
1.13908 0.0021477695833 0.00017274050186850092
1.14838 0.00220498625 0.00017240872762228312
1.15768 0.0021219379166999997 0.00017079384189148697
1.16697 0.00210706375 0.00017000805395736836
1.17627 0.0022634850000000004 0.00017074700342690745
1.18557 0.0023680587499999997 0.00017075443350823187
1.19487 0.00229324 0.00016935900556161947
1.20417 0.0022087820833 0.00016796949591483574
1.21347 0.0021080033333000002 0.00016651939562064755
1.22277 0.0020977958333 0.0001659883631078754
1.23206 0.0020728387499999996 0.00016518928918740131
1.24136 0.0022112425 0.00016552564205158038
1.25066 0.0021298425 0.00016429978998483337
1.25996 0.0021369620833 0.00016389549805851915
1.26926 0.0022226241667 0.00016399348060322204
1.27856 0.00224012125 0.00016348461296223388
1.28786 0.0022330295833 0.00016275604931023993
1.29715 0.0022706504167 0.0001623443766258051
1.30645 0.0021916375 0.00016123685664783867
1.31575 0.0022087520833 0.0001607436570758134
1.32505 0.0020590666667000003 0.00015910602926326892
1.33435 0.00206256125 0.00015855250141928737
1.34365 0.0020993554167 0.000158179505320533
1.35295 0.0021331391667 0.000157876947870967
1.36224 0.0021754516667 0.00015754826372268004
1.37154 0.00211582375 0.0001564918373147419
1.38084 0.00211534125 0.00015598888460510995
1.39014 0.0021628016666999997 0.00015596668410802924
1.39944 0.0021523525 0.0001554194463015362
1.40874 0.00200041 0.00015389972081931928
1.41804 0.0019601766667 0.0001532156555337904
1.42733 0.00200961875 0.0001531609596431917
1.43663 0.0020073045833 0.0001529338112509992
1.44593 0.0020398158333 0.00015251446514332563
1.45523 0.0021390787499999996 0.00015271967115979647
1.46453 0.0021479266667 0.00015234974042663204
1.47383 0.0020740012499999997 0.00015116255421140256
1.48313 0.0020842258333 0.00015069846126646686
1.49242 0.0020986475 0.00015024319394544677
1.50172 0.0020180479167 0.00014920483662842672
1.51102 0.0021237379167 0.00014926128410022152
1.52032 0.0021490429167 0.00014899122735586356
1.52962 0.0021286320833 0.00014838730230589705
1.53892 0.0020604483333 0.00014750168207949954
1.54822 0.0021835429167 0.0001479002354004639
1.55751 0.0021556754166999997 0.00014730839613831003
1.56681 0.0020260516667 0.000145875186777337
1.57611 0.0020222783333 0.00014548375244615732
1.58541 0.0020259354167 0.00014518870279600169
1.59471 0.0020020408333000003 0.0001445114216977913
1.60401 0.0019680195833 0.00014377488128679733
1.61331 0.0019429691666999998 0.0001432074518812588
1.6226 0.00197071 0.0001430723245647364
1.6319 0.00195420375 0.00014238513770984805
1.6412 0.0018695412499999998 0.00014278262056437304
1.6505 0.0018232716667 0.0001458952934752255
1.6598 0.0018332479167 0.00014397762943363124
1.6691 0.0019244095833 0.00014641557907061516
1.6784 0.0018872866667 0.0001482034148953796
1.68769 0.0019147754167 0.00015148299033178818
1.69699 0.0019174108333000002 0.00014971652893177334
1.70629 0.0018867641667000001 0.00015105813715423174
1.71559 0.0018357820833 0.00015302627525931223
1.72489 0.0018590970833 0.0001534815039573603
1.73419 0.0018965370833000001 0.00015265366044049086
1.74349 0.00191325375 0.0001533291852707838
1.75279 0.0019435654167 0.0001565783445750759
1.76208 0.0019328750000000001 0.0001553584996008952
1.77138 0.0018697445832999999 0.00015493153321990573
1.78068 0.0016972945833000001 0.00015625067719682894
1.78998 0.0017460320833 0.00015774206380920444
1.79928 0.0017521583333 0.00015566692019143127
1.80858 0.0018399233332999998 0.000156194748629497
1.81788 0.0017355516667 0.00015930311794517396
1.82717 0.0016664858333 0.00015605660817599482
1.83647 0.0015772954167 0.00015796835443964506
1.84577 0.0016928841667000001 0.000158786611926389
1.85507 0.0016820279167 0.0001572608575513374
1.86437 0.0016603808333 0.00016179332509480126
1.87367 0.0017007916667000002 0.00016430209624968055
1.88297 0.0015691841667 0.00016613798499717647
1.89226 0.0014289762499999999 0.00016545751806619616
1.90156 0.00148354125 0.00017346538133147625
1.91086 0.0016073916667 0.00018111388099379598
1.92016 0.00160783125 0.00018571312927730468
1.92946 0.0014816770833 0.00019072171391785884
1.93876 0.0013256270833 0.00018802590394390029
1.94806 0.00137425 0.00019261960985040387
1.95735 0.00135915875 0.00019329308822132777
1.96665 0.0013524258333 0.0001942812807282426
1.97595 0.0016112862500000003 0.00019604601374008864
1.98525 0.0016571966667000002 0.00020372573326837793
1.99455 0.0014357333332999998 0.0002030138043553551
2.00385 0.00139873375 0.00020287306541275682
2.01315 0.0014262933333 0.00021871840442524472
2.02244 0.0014172925000000003 0.0002078639400424419
2.03174 0.0013638887499999998 0.0002083613558043236
2.04104 0.0012508175 0.000215537497497372
2.05034 0.0012872512500000002 0.00021537038002858948
2.05964 0.0013273283333 0.00021856679656970644
2.06894 0.0013919725000000002 0.00023184784289834217
2.07824 0.0014280733333 0.00023297856050241616
2.08753 0.00137954 0.00022944268412127268
2.09683 0.00123625125 0.00023631519025183665
2.10613 0.0011001129167 0.00023235737839521177
2.11543 0.00093256375 0.00023563575135919826
2.12473 0.0011424145833 0.00023847509905556226
2.13403 0.0011417625 0.0002598738568988598
2.14333 0.0012224633332999998 0.0002465317340512164
2.15262 0.0010272316666999999 0.00024843094065642537
2.16192 0.00086760125 0.00028714630283524506
2.17122 0.00084035625 0.00025336980733852083
2.18052 0.00106989625 0.0002840140902291119
2.18982 0.0011807691667 0.0002683719266615729
2.19912 0.0010430629167 0.0002934106565658571
2.20842 0.0009996729167 0.00028874977151044243
2.21771 0.00107816625 0.00027964186286157555
2.22701 0.0012763904167 0.00031237836171921863
2.23631 0.0009615766667000001 0.0003534572407119105
2.24561 0.0008458079167 0.00030223161541204004
2.25491 0.0010232154167 0.0003367577320585086
2.26421 0.0013514962499999999 0.0003290292366934209
2.27351 0.0013137741667000001 0.00037995442623322043
2.2828 0.0011653758333 0.0003387132370822692
2.2921 0.00097780625 0.00038132059103598875
2.3014 0.0007658358333 0.00035447084605187506
2.3107 0.0012443404167 0.00041298775389612177
2.32 0.0011815079166999998 0.0004092912547615791
2.3293 0.0010877879167 0.00038292331780982795
2.3386 0.0010209220832999998 0.00038767330045369377
2.3479 0.0008651429167 0.00044562018516622565
2.35719 0.0006998083333 0.00040006971474898485
2.36649 0.0007018475000000001 0.0004716208755414268
2.37579 0.000650685 0.000420359707387403
2.38509 0.0005202645833 0.0004950819649747169
2.39439 0.00046017 0.0004891409852354171
2.40369 0.0008231508332999999 0.0005049519688420967
2.41299 0.0009655695833 0.0006236116150743978
2.42228 0.0009875883333 0.0007301658380388623
2.43158 0.0006925525 0.0007649211233668155
2.44088 0.0006127779167 0.0006495842138423634
2.45018 0.0007993341667000001 0.0007327086387331296
2.45948 0.00045724958329999995 0.0007181540306820383
2.46878 0.0003044504167 0.0006822071684963989
2.47808 0.00046158583329999995 0.0007210656551188441
2.48737 0.00024331875000000003 0.0008126041430627194
2.49667 0.00021381999999999998 0.0007739960856929277
2.50597 0.00072502625 0.0007790544325806867
2.51527 0.0013145525 0.000856926234144409
2.52457 0.0008729775 0.0009333487046720737
2.53387 0.00096882375 0.0015806827918981234
2.54317 0.00091375 0.0024088148265718175
2.55246 0.0013361465 0.004512574014592011
