nothing special
nothing special
273
0.0232465 0.0238941667 0.042991287297947885
0.0325451 0.0232635 0.013386397415474535
0.0418437 0.011071874999999998 0.00712756757854344
0.0511423 0.006717000000000001 0.004345159711608566
0.0604409 0.005276525000000001 0.0029407402869994805
0.0697395 0.005100116667 0.002149803770049005
0.079038 0.0035935291669999996 0.0015412597889088602
0.0883366 0.004406804167 0.0012628345444064008
0.0976352 0.003931075 0.0010658365700288428
0.106934 0.0031079750000000002 0.0009066807531741477
0.116232 0.003146245833 0.0008033406386593263
0.125531 0.00306185 0.0007255150907815631
0.13483 0.0030471333329999996 0.0006649169205140364
0.144128 0.003526615 0.000627040607350304
0.153427 0.0032989104167 0.0005842908873233357
0.162725 0.0026914504166999998 0.0005416512379554796
0.172024 0.0025115641667 0.0005127725093527398
0.181323 0.0024162366667 0.0004894396613658255
0.190621 0.0023543308333 0.0004695968072684802
0.19992 0.0023476683333000002 0.00045121679664758427
0.209218 0.0025388841667 0.0004397435484611519
0.218517 0.00236619 0.00042392166524742714
0.227816 0.0022320370833000002 0.00041042788853119225
0.237114 0.0021477829166999998 0.00039826779207415274
0.246413 0.002219685 0.00038998280523630595
0.255711 0.00185491125 0.00037524926308978165
0.26501 0.0019382829167000001 0.00036805951807893783
0.274309 0.002243815 0.000364961976747539
0.283607 0.00202810125 0.00035469591181349106
0.292906 0.00194732375 0.0003467893834041435
0.302204 0.0018026225000000002 0.0003386111628241521
0.311503 0.0019330054167 0.0003354344120998284
0.320802 0.00222665625 0.0003346813913737423
0.3301 0.002222275 0.00032830192107521363
0.339399 0.0021271566667 0.000321532919280398
0.348697 0.0020353166667 0.00031653613784800105
0.357996 0.0022318229167 0.00031489492826905925
0.367294 0.0020328570833 0.0003070934397457395
0.376593 0.0017987604167 0.0002998975999331014
0.385892 0.00194520125 0.00029809679059231137
0.39519 0.0020855883333 0.0002962999050722536
0.404489 0.0022891616666999995 0.0002949944111668255
0.413787 0.0020828508333 0.000288852277693122
0.423086 0.0019363466667 0.00028332865372881897
0.432385 0.001839825 0.0002791805109941748
0.441683 0.0018500695833 0.000276623481214741
0.450982 0.00191709875 0.00027468446544421196
0.46028 0.00211502875 0.0002742668172657754
0.469579 0.00204122625 0.00026982764077592786
0.478878 0.0021023037500000003 0.00026799242756575336
0.488176 0.0021970600000000002 0.0002662336519846563
0.497475 0.0020565720833 0.0002619097036508389
0.506773 0.0018558816667 0.000256869807462157
0.516072 0.0016875691667 0.0002524408908314815
0.525371 0.0015578895833 0.00024825123467728683
0.534669 0.0018990062499999998 0.00025023129597400703
0.543968 0.00188984875 0.00024893497314310605
0.553266 0.0017605216667 0.0002451337998510712
0.562565 0.0016989841667000001 0.00024248292170854057
0.571864 0.0016494316667 0.00023965469865273525
0.581162 0.0018066341667000003 0.00023942003615465577
0.590461 0.0019668179167 0.0002396075195564752
0.599759 0.0017911970832999997 0.0002357433177652212
0.609058 0.0017751895832999998 0.00023346819684154878
0.618357 0.0017712058332999998 0.00023124930608151261
0.627655 0.00183170875 0.00023009963769997656
0.636954 0.00191659125 0.00022933976162457965
0.646252 0.0018895879167 0.00022726188072129391
0.655551 0.00179849875 0.00022464191571648257
0.664849 0.0019806633333 0.000224848889271448
0.674148 0.0020139816667 0.00022367400332585114
0.683447 0.0019504833332999998 0.00022169413159949598
0.692745 0.0018327675 0.00021902360988642396
0.702044 0.0017768529167 0.0002164435581770225
0.711342 0.00169385 0.00021411944758939754
0.720641 0.0018700437499999999 0.00021495606583296596
0.72994 0.0018210595832999998 0.00021323176605025871
0.739238 0.0018895704167 0.00021241010684518825
0.748537 0.0020865641667 0.00021291532151036522
0.757835 0.00199546875 0.00021074095368964218
0.767134 0.0019871879167000003 0.00020914138076302336
0.776433 0.0021116620833 0.00020912971683958689
0.785731 0.0022366620833 0.00020891411573425992
0.79503 0.0021281808333 0.0002068027206613908
0.804328 0.0019554270833 0.00020391165801465395
0.813627 0.00194737 0.000202401513889311
0.822926 0.0019012054167 0.00020090336490405128
0.832224 0.0018572433332999998 0.00019929177796671892
0.841523 0.0020080645833 0.00019948207605019943
0.850821 0.0020173745833 0.00019855476981520294
0.86012 0.0020136470833 0.0001979775417898166
0.869419 0.001970995 0.00019676518972457584
0.878717 0.0019649183333 0.00019540066053574682
0.888016 0.0019312795833 0.00019413919857009387
0.897314 0.0020316533333 0.00019376236401129912
0.906613 0.0020688870833 0.00019317079692393905
0.915912 0.0021175495833 0.00019230738386989785
0.92521 0.0021081108333 0.00019111970163490904
0.934509 0.0019848395833 0.000189069657912452
0.943807 0.0019633474999999996 0.00018830271247631422
0.953106 0.0020760666667 0.00018834729215874796
0.962405 0.0022046129166999997 0.00018863395445089195
0.971703 0.0020479816667 0.0001863390807703598
0.981002 0.0020627754167000002 0.00018628643373204122
0.9903 0.0021575191667 0.00018598891371924742
0.999599 0.00208876125 0.0001840485126185108
1.0089 0.0020844841667 0.00018303604168333994
1.0182 0.0021074695833 0.00018216762975814584
1.02749 0.0021278845833000003 0.00018159565999449387
1.03679 0.0021097479167 0.00018086824641758923
1.04609 0.0020244504167 0.00017936533572537097
1.05539 0.0021415929167 0.0001794627935321168
1.06469 0.0021742025 0.00017866713505180693
1.07399 0.0021053129167 0.00017751771550372403
1.08329 0.0021333375 0.00017689825168723918
1.09258 0.00209043625 0.0001760618023446274
1.10188 0.0021714666667 0.00017587871189446517
1.11118 0.0022436916667 0.00017567062235008315
1.12048 0.0021956425 0.00017459476355707803
1.12978 0.0020667345833 0.0001728215126030302
1.13908 0.0020646195833 0.00017196905772096706
1.14838 0.00216866375 0.00017206568209670982
1.15768 0.0022221154167 0.0001716720876750329
1.16697 0.00213653125 0.0001703704114618321
1.17627 0.002131175 0.00016965092332162893
1.18557 0.00211035125 0.00016891779655226367
1.19487 0.0021851725 0.0001687182935105354
1.20417 0.0022214995833000004 0.00016823680154442992
1.21347 0.0021354058333 0.00016686043154113132
1.22277 0.0020723258333 0.00016587624103353205
1.23206 0.00223395375 0.00016648809469886614
1.24136 0.002352705 0.00016665192591008298
1.25066 0.0022672125 0.00016543756630172507
1.25996 0.0021215995833 0.0001638212046838962
1.26926 0.0021184691666999997 0.00016319537494942742
1.27856 0.00224384875 0.0001635207032600003
1.28786 0.0021960245833 0.00016254984189439955
1.29715 0.0021970004166999998 0.0001619164603507121
1.30645 0.0021040175 0.00016070172974569328
1.31575 0.0019475220833 0.0001588870061441455
1.32505 0.0018896816667000002 0.0001579047381391423
1.33435 0.00208373125 0.00015881330053834538
1.34365 0.0022697104167 0.00015972526960850546
1.35295 0.0022463091667 0.00015897321558129066
1.36224 0.0022620091667 0.00015840156360010334
1.37154 0.00221505625 0.00015745298367821672
1.38084 0.00212124125 0.00015612212000694583
1.39014 0.0021180391667 0.00015579941719467735
1.39944 0.002182215 0.00015590226728624668
1.40874 0.0021731650000000003 0.00015540792750691303
1.41804 0.0021671341667 0.00015495199007098444
1.42733 0.00214544375 0.00015426202161376417
1.43663 0.0022061045833000003 0.0001543691470636072
1.44593 0.0021578108333 0.00015350664809159106
1.45523 0.00207166625 0.0001521643305802719
1.46453 0.0021193491667 0.00015214183903351536
1.47383 0.00200466375 0.0001508804310458666
1.48313 0.0021114383333 0.0001509728808076294
1.49242 0.00209102 0.00015012924465287441
1.50172 0.0020448179166999998 0.0001495062511523702
1.51102 0.0021808179166999996 0.00015000491243302282
1.52032 0.0021049754167000003 0.00014885157740868372
1.52962 0.0021322070833000003 0.00014870243613946673
1.53892 0.0020443408333 0.0001476089400005848
1.54822 0.0020144454167 0.00014688857010229693
1.55751 0.0020400854167 0.00014667583300523649
1.56681 0.0020537716667 0.00014623543252286213
1.57611 0.0020784983333000003 0.0001460469186730425
1.58541 0.0019954604167 0.00014510171281227177
1.59471 0.0019382333333000002 0.00014418787330176168
1.60401 0.0019606120833 0.00014393869202652352
1.61331 0.0019194266667 0.0001431596775242734
1.6226 0.001862315 0.0001424088612382097
1.6319 0.0018688287500000002 0.0001419788673809239
1.6412 0.0019381412499999999 0.000143225240153903
1.6505 0.0019328516667 0.00014644359343258108
1.6598 0.0018972154167000003 0.00014443031465587915
1.6691 0.0018268695832999997 0.0001458603151207957
1.6784 0.0019090266667 0.0001485140238409995
1.68769 0.0019436604166999999 0.00015186279168551617
1.69699 0.0020112108333 0.0001505147498404378
1.70629 0.0019356316667 0.00015139893751498078
1.71559 0.0018169045833 0.00015310035481060205
1.72489 0.0017786520833 0.00015271813546318655
1.73419 0.0017366695833 0.00015167139077037564
1.74349 0.00176353875 0.0001524932798734524
1.75279 0.0017993304167 0.00015610995605900237
1.76208 0.001863355 0.0001551422314206564
1.77138 0.0018052945833 0.00015467251873496247
1.78068 0.0017851620833 0.0001569667847251199
1.78998 0.0017489270833 0.00015822765349362636
1.79928 0.0018372933332999998 0.00015651444116691462
1.80858 0.0019122858332999999 0.00015692226164673129
1.81788 0.0017045291667 0.00015842722364020414
1.82717 0.0016775883332999998 0.00015622570780635548
1.83647 0.0016598029167 0.00015950054361578355
1.84577 0.0017293341667 0.0001586174824568542
1.85507 0.0016625354167000002 0.00015730974726192127
1.86437 0.0015672958333 0.00016129694534970315
1.87367 0.0015886916667 0.00016328395878769742
1.88297 0.0015175466667 0.00016548363449649662
1.89226 0.00158920625 0.0001675172117143773
1.90156 0.00162769875 0.00017539793745694162
1.91086 0.0015835866667 0.0001808088704422348
1.92016 0.0016194562499999999 0.00018591945096726862
1.92946 0.0015524295833 0.00019246162769429864
1.93876 0.0012794620833 0.0001864465221353831
1.94806 0.00132241 0.00019123342979225237
1.95735 0.00136626625 0.00019299875241771496
1.96665 0.0013388333333 0.00019424180180436444
1.97595 0.00151901625 0.0001957784310418743
1.98525 0.0014905466667 0.00020219033160495241
1.99455 0.0014536583333 0.00020430781330775947
2.00385 0.00158469625 0.00020448369737315734
2.01315 0.0013591533333 0.0002192740237551238
2.02244 0.0012163299999999998 0.00020580272645067562
2.03174 0.00132427625 0.0002085612130225649
2.04104 0.00123687 0.00021682511126723403
2.05034 0.0011472037499999999 0.000213476740780641
2.05964 0.0012492308332999998 0.0002178126727255813
2.06894 0.0012156225 0.00023013635839483189
2.07824 0.0013628508333 0.00023151389187919488
2.08753 0.0012542974999999999 0.00022685435198223385
2.09683 0.00127481875 0.000237387371313714
2.10613 0.0013600754167000001 0.00023578304428756379
2.11543 0.00147263125 0.00024347751299698327
2.12473 0.0013932720833 0.00024211257907494918
2.13403 0.00114901 0.0002591555275039918
2.14333 0.0011209558332999998 0.0002453171911807981
2.15262 0.0010947241667 0.0002496879214970778
2.16192 0.00118660125 0.0002886828905392734
2.17122 0.00110766625 0.00025723037177921603
2.18052 0.00108426625 0.000284463983446414
2.18982 0.0012972791667000003 0.00027017111101822937
2.19912 0.0013608529167 0.0002983894640947908
2.20842 0.0013333854167000003 0.0002950226083475751
2.21771 0.00116820875 0.00028163506067282004
2.22701 0.0012378104167 0.00031198113060938975
2.23631 0.0011672916666999999 0.0003458961468277655
2.24561 0.0011234404167 0.0003119132059504109
2.25491 0.0009103879167 0.0003443578731963085
2.26421 0.0009077962500000001 0.0003191261275597992
2.27351 0.0009124216667 0.0003667858131322202
2.2828 0.0006946458333 0.00033270658183029645
2.2921 0.0008802237500000001 0.0003852320935632778
2.3014 0.0008789883333 0.000357329107129035
2.3107 0.0006559879167 0.0003943225284086958
2.32 0.0007139704167 0.000390945062465885
2.3293 0.0010847604167000002 0.0003797353001090933
2.3386 0.0007479245833 0.00038098579892443645
2.3479 0.0007908379167 0.0004401004041878442
2.35719 0.0007995233333 0.0004000319528061279
2.36649 0.0006246275000000001 0.00046361869065503696
2.37579 0.0008029875 0.00042289491280705585
2.38509 0.0011897370832999999 0.0005203240900242103
2.39439 0.0008726125 0.00048655817565795633
2.40369 0.0011036108333 0.0005130962649957619
2.41299 0.0008656420832999999 0.0006186691251963194
2.42228 0.0008472608333 0.0007071212287756998
2.43158 0.000930555 0.0008006982896345627
2.44088 0.0006586904167 0.0006501046491810614
2.45018 0.0002979291667000001 0.0007115159222921218
2.45948 0.0005811570833 0.0006976715777943566
2.46878 0.0010681854167000002 0.0007068578857159193
2.47808 0.0007115708333 0.0007222837504912447
2.48737 0.00015643625 0.0008033304896292833
2.49667 -7.859999999999982e-06 0.0007763313284040151
2.50597 0.00117754625 0.0008005634376922435
2.51527 0.0010699275000000002 0.0008547973420825283
2.52457 0.00093307 0.0009219544915778961
2.53387 0.00103446375 0.0015632023711110085
2.54317 0.0011488425 0.0022646482747826022
2.55246 -0.0013751337499999998 0.0038975104871928562
