nothing special
nothing special
273
0.0232465 -0.016950833300000002 0.04235511416790812
0.0325451 0.015511000000000002 0.013324402328303194
0.0418437 0.006692125 0.007085379846899227
0.0511423 0.006368499999999999 0.004341226252501181
0.0604409 0.006980275 0.0029630025009259094
0.0697395 0.004823316667 0.002144735193388599
0.079038 0.0036383291670000002 0.001541693180820022
0.0883366 0.003275654167 0.0012439963135580999
0.0976352 0.0020997249999999998 0.0010339170836260578
0.106934 0.001298275 0.0008732532992085104
0.116232 0.002345795833 0.0007885210589391523
0.125531 0.0020452 0.0007072664441559195
0.13483 0.001952058333 0.0006436087354233411
0.144128 0.00191534 0.0005965974722339721
0.153427 0.0019578279167 0.0005589407507026229
0.162725 0.0027261179167000003 0.0005421016321000058
0.172024 0.0028216866667 0.0005188705102296544
0.181323 0.0027168091667 0.0004947623482723805
0.190621 0.0025459883333 0.0004729323308271371
0.19992 0.0018939333333 0.0004434182440500666
0.209218 0.0021312891667 0.0004329432804029203
0.218517 0.0023402049999999997 0.00042388204956818944
0.227816 0.0020867545833 0.0004084329146510009
0.237114 0.0018289879166999998 0.0003938970799928662
0.246413 0.001973715 0.00038645342575321354
0.255711 0.00190822875 0.000376675218380433
0.26501 0.0016908154167 0.0003639327619030675
0.274309 0.0019634925 0.0003604681064200867
0.283607 0.00209466375 0.00035620606107685253
0.292906 0.0020467362500000003 0.0003486640438478643
0.302204 0.001757635 0.00033789705745020706
0.311503 0.0017171854167 0.00033225024866965434
0.320802 0.00179817125 0.0003279509284757372
0.3301 0.0018354925 0.0003226126229521887
0.339399 0.0018595641667 0.0003178836963233693
0.348697 0.0018346541667 0.0003137692837074963
0.357996 0.0023493954167 0.00031647080307563817
0.367294 0.0022593170833 0.00031036448682904196
0.376593 0.0022032629166999994 0.0003058546553041583
0.385892 0.00202315125 0.00029933261701599144
0.39519 0.0019220758332999998 0.00029372958518966767
0.404489 0.0018783941667 0.00028963217497342665
0.413787 0.0016539558332999997 0.00028271898951757644
0.423086 0.0017275641667000002 0.00028042813204352536
0.432385 0.0017975125 0.0002783333174188244
0.441683 0.0017279370832999998 0.0002746527767491977
0.450982 0.0017318737500000001 0.00027209642777851226
0.46028 0.00169708125 0.0002688157424220864
0.469579 0.00171028375 0.00026543820031611054
0.478878 0.00192797625 0.0002654412050408681
0.488176 0.0019114874999999999 0.00026284442450807494
0.497475 0.0018590170833 0.0002598779291836702
0.506773 0.0017033791667000002 0.000255127244071875
0.516072 0.0015920466667 0.0002514125269539997
0.525371 0.0016913645833 0.00025011098994651273
0.534669 0.0019328162499999998 0.0002505894141543476
0.543968 0.00170980125 0.0002465056689005812
0.553266 0.0016846516667 0.00024417147336931527
0.562565 0.0017006466667000002 0.00024223165009073705
0.571864 0.0018011766667000001 0.00024172820646727627
0.581162 0.0017670191667000003 0.00023913064343276586
0.590461 0.0017917579167 0.0002374288727128677
0.599759 0.0018011520833 0.00023579430768175263
0.609058 0.0018760070833 0.00023476061858505846
0.618357 0.0018797158333000003 0.00023283904729399414
0.627655 0.00187205125 0.00023082478393493446
0.636954 0.00184830125 0.00022852851827737233
0.646252 0.0018410329167 0.00022653407792087968
0.655551 0.0017938837499999998 0.00022461146439013222
0.664849 0.0019160483333 0.00022401705459515757
0.674148 0.0019051666667000001 0.00022265229655426755
0.683447 0.0020061833333 0.0002224318910021052
0.692745 0.0019679325 0.00022075452339236028
0.702044 0.0019080129167 0.00021812411619678618
0.711342 0.0018808225 0.00021623975702419362
0.720641 0.00183174125 0.00021445466541518928
0.72994 0.0018092595833 0.00021304496043171177
0.739238 0.0018612504167000003 0.00021262796607157328
0.748537 0.0019995816667 0.00021205970853093822
0.757835 0.00202474875 0.00021136234504042306
0.767134 0.0018847554166999997 0.0002081867907981531
0.776433 0.0018256145833 0.00020606457205218034
0.785731 0.0018750545833 0.00020519396497244128
0.79503 0.0019580183333 0.00020530786132653077
0.804328 0.0020089595832999997 0.0002045174227625838
0.813627 0.0019471025 0.00020246058075487636
0.822926 0.0018918454167 0.00020062048540935476
0.832224 0.0018570108332999998 0.00019928784319063903
0.841523 0.0019981520833 0.0001994433172009897
0.850821 0.0020441495833 0.000198724802245496
0.86012 0.0018521245833 0.0001964128701857901
0.869419 0.0018642275000000002 0.0001955743406242665
0.878717 0.0019973733332999998 0.0001956417639064032
0.888016 0.0021320770833 0.00019589083361379843
0.897314 0.0019028658332999999 0.00019240016357912782
0.906613 0.0017662670833 0.00019014883626327356
0.915912 0.0017340745832999998 0.00018874459597087104
0.92521 0.0018187083333 0.0001885745305473535
0.934509 0.0020007970833 0.00018939941790496541
0.943807 0.0019904774999999998 0.00018855041115650929
0.953106 0.0020972841666999998 0.00018842430802121227
0.962405 0.0021149629167 0.00018772215493211028
0.971703 0.0021612816667 0.00018723481024854636
0.981002 0.0020449629166999998 0.00018606808126341354
0.9903 0.0020085791666999996 0.00018466887945046753
0.999599 0.00214044375 0.00018466312502692474
1.0089 0.0022133141667 0.00018428645920301974
1.0182 0.0020283270833 0.00018157042898995934
1.02749 0.0019476220833 0.00017991095110804587
1.03679 0.0018744854167 0.00017861497111913076
1.04609 0.0019551029167 0.00017855818722911925
1.05539 0.0020256579167 0.00017846630295507906
1.06469 0.0020451825 0.00017771363345853077
1.07399 0.0021138604167 0.00017768029844906518
1.08329 0.0021220075 0.00017685545805600693
1.09258 0.00198952375 0.00017532698248704835
1.10188 0.0019953266667000003 0.00017453637590856107
1.11118 0.0020564116667 0.00017405350073711933
1.12048 0.0020615525 0.00017335452315447264
1.12978 0.0020849845833 0.00017313526103487204
1.13908 0.0021105120833 0.00017233357568637402
1.14838 0.00209658875 0.00017152065555030947
1.15768 0.0021284929167 0.00017101258017634738
1.16697 0.00205768625 0.000169812767858061
1.17627 0.0020767449999999996 0.00016930028326526587
1.18557 0.00222008125 0.00016973845942449894
1.19487 0.0021465374999999997 0.0001684224426012118
1.20417 0.0021607820833000006 0.00016769838887160845
1.21347 0.0020998658333 0.00016658570739006568
1.22277 0.0020805733333 0.0001658635896382104
1.23206 0.00221432375 0.00016643502189291634
1.24136 0.0022020349999999998 0.00016547471412418693
1.25066 0.0020902925000000003 0.00016397164759289262
1.25996 0.0020237670833 0.00016313231804448565
1.26926 0.0018696991667 0.00016130648447742723
1.27856 0.0018991737500000001 0.00016086280038418206
1.28786 0.0021307695833 0.00016201332128577963
1.29715 0.0021921404167 0.00016184995590790908
1.30645 0.0020709825 0.00016055231606184326
1.31575 0.0020912720833 0.000160011379436563
1.32505 0.0020794041667 0.00015934875820478508
1.33435 0.0020487212499999997 0.00015860732547206307
1.34365 0.0020745979167 0.00015829090525755992
1.35295 0.0021153141667 0.0001579521001219245
1.36224 0.0020481716667 0.00015677116875254207
1.37154 0.0020549312499999997 0.00015636072996347264
1.38084 0.00219300375 0.00015668203205309109
1.39014 0.0021704041667 0.0001563179753069762
1.39944 0.00207378 0.00015517908308018775
1.40874 0.0020697425 0.00015464082408974387
1.41804 0.0020738316667 0.00015428746198852835
1.42733 0.00198784875 0.00015322375070980784
1.43663 0.0019951645833 0.00015285308738326704
1.44593 0.0019998808333 0.00015235679586059423
1.45523 0.00218430875 0.00015327074569337811
1.46453 0.0021132966667 0.0001523312975770079
1.47383 0.00210424375 0.00015162749309725453
1.48313 0.0019444383333000002 0.00014985346352484904
1.49242 0.00191954 0.00014901332284634274
1.50172 0.0019778579167 0.00014893269046452296
1.51102 0.0021204254166999996 0.0001494452026271223
1.52032 0.0021089529166999996 0.00014889783395241932
1.52962 0.0021041595833000003 0.0001485006334149307
1.53892 0.0021001608333000004 0.000148079165417909
1.54822 0.0020952804166999997 0.00014735319232674323
1.55751 0.0020080529167 0.0001463530949806499
1.56681 0.0019716766667000002 0.00014565648119553963
1.57611 0.0020574608333 0.00014584295306405354
1.58541 0.0019797579167 0.0001450073778884606
1.59471 0.0020593083333 0.00014504367107457785
1.60401 0.0019724395832999998 0.00014397000794717392
1.61331 0.0019677441666999997 0.00014349523524489233
1.6226 0.0019538725 0.0001430375036140736
1.6319 0.00194597125 0.0001424601091394074
1.6412 0.0018445137500000001 0.0001426838797133
1.6505 0.0017097191667000001 0.00014442996619455764
1.6598 0.0017893079167 0.00014367691919859468
1.6691 0.0018647920832999998 0.00014603728114467645
1.6784 0.0017788616667 0.0001477391923456861
1.68769 0.0017256754167000001 0.00014983369255773876
1.69699 0.0017582658333 0.0001487189231622889
1.70629 0.0018123866667000001 0.00015059951903176008
1.71559 0.0017283970833 0.00015145013399260967
1.72489 0.0017870295832999998 0.00015320862895355298
1.73419 0.0018129120833 0.0001522924893164765
1.74349 0.00182295375 0.00015288890018111674
1.75279 0.0019153104167 0.0001569546066776354
1.76208 0.0019389300000000002 0.0001556051665280809
1.77138 0.0018206070832999998 0.00015492180728041602
1.78068 0.0017531170833 0.00015725458829508865
1.78998 0.0017954695833 0.0001577139978109934
1.79928 0.0018131408333 0.00015640549105901805
1.80858 0.0017818208333 0.00015585480169916292
1.81788 0.0017434691667 0.0001594742025839334
1.82717 0.0016427808333000001 0.00015585651905919136
1.83647 0.0016029479167000002 0.0001583568428076268
1.84577 0.0016225866667000002 0.0001583964029086138
1.85507 0.0016521079167 0.00015734239987749918
1.86437 0.0015421108333 0.00016083708121614676
1.87367 0.0014572091667 0.00016259367396706742
1.88297 0.0015138366667 0.0001658085917222531
1.89226 0.0015063762500000001 0.00016646384142909062
1.90156 0.0015300812499999998 0.00017468445231064316
1.91086 0.0014173216667000001 0.00018053880175136373
1.92016 0.00144445875 0.00018396142748671493
1.92946 0.0014763495833 0.0001889016247542762
1.93876 0.0014756570833 0.00018932499726476528
1.94806 0.00136646 0.00019149065172890386
1.95735 0.00125519125 0.00019129228184565039
1.96665 0.0014437958333 0.00019605230604145696
1.97595 0.0015979787500000002 0.0001958849197310486
1.98525 0.0015378841667 0.00020238263540459306
1.99455 0.0014925558333000002 0.00020283903187735195
2.00385 0.00149328875 0.00020482546512199588
2.01315 0.0014121358332999999 0.00021810697410283567
2.02244 0.00134067 0.00020743210895317945
2.03174 0.00124430375 0.00020744381283553784
2.04104 0.0013807675 0.00021604928475091017
2.05034 0.00126948125 0.00021589539541573902
2.05964 0.0011976308333 0.00021698187756282586
2.06894 0.001422875 0.0002292986668427919
2.07824 0.0013079608332999997 0.00023071702310791908
2.08753 0.001115895 0.00022555238756804394
2.09683 0.0011894412500000002 0.0002367902439953711
2.10613 0.0010079304167 0.00023272615091331642
2.11543 0.00132223125 0.00024075733495009126
2.12473 0.0014157770833 0.00024186737112235815
2.13403 0.0012047925 0.00025980806640805564
2.14333 0.0012578908333 0.00024745312137591216
2.15262 0.0012181766667 0.00025100966100681873
2.16192 0.0011351887500000001 0.0002891662886449556
2.17122 0.00094183875 0.00025467164987475074
2.18052 0.00100998125 0.0002813243415486601
2.18982 0.0011351416667 0.0002680205056498042
2.19912 0.0011653104167 0.00029698825253788094
2.20842 0.0010829604167 0.00028964322184320577
2.21771 0.00111258125 0.000280335589359432
2.22701 0.0010812729167 0.0003062963757080928
2.23631 0.0013238966667 0.00036189522387881294
2.24561 0.0011473504167000001 0.00031159389727624303
2.25491 0.0008544304167 0.00034035970803827323
2.26421 0.00084432875 0.00031945434462096175
2.27351 0.0009117841667000001 0.00036988647190419274
2.2828 0.0007096983332999999 0.0003317896323899597
2.2921 0.00074190875 0.0003904227264772889
2.3014 0.0007944583333 0.0003556374608430231
2.3107 0.0009462029167000001 0.0003958552663593829
2.32 0.0010929379167000002 0.0004121675535422076
2.3293 0.0008318179167000001 0.00037206360579175964
2.3386 0.0009035395833 0.00038894080204170047
2.3479 0.0010931929167 0.0004663122330905295
2.35719 0.0007269433333 0.0003963980630996783
2.36649 0.00069757 0.00045010895629199487
2.37579 0.0007185375 0.0004233844092254632
2.38509 0.0006826295833 0.0005104149652952877
2.39439 0.0005741075 0.0004916863785488748
2.40369 0.0008099058333 0.0005037464147960375
2.41299 0.0006089395832999998 0.000613876382275485
2.42228 0.0007207983332999999 0.0006962567406792116
2.43158 0.000960495 0.0007967762512099601
2.44088 0.0012194404167 0.0006775355165662683
2.45018 0.0011058016667 0.0007513385293961513
2.45948 0.0008449620832999999 0.0007273463250940558
2.46878 0.0006028129167000001 0.0006938982403595865
2.47808 0.0008062808332999999 0.0007358473093882043
2.48737 0.00073351125 0.0008279585163561826
2.49667 0.000415465 0.0008042401895557705
2.50597 0.00061205625 0.0007805224998648187
2.51527 0.000375435 0.0008181394984555219
2.52457 0.0008953775 0.0009202057559841752
2.53387 0.0011273462499999999 0.0015531202879282679
2.54317 0.0018306775 0.0024214566740330084
2.55246 0.0009501337500000002 0.004413128580569598
