nothing special
nothing special
273
0.0232465 0.0282166667 0.0430051794493097
0.0325451 0.017562750000000002 0.013332903965336484
0.0418437 0.013901875 0.0071501240051033785
0.0511423 0.0090465 0.00436815300084051
0.0604409 0.006387775 0.0029528822927094973
0.0697395 0.004789191667 0.00214309769267758
0.079038 0.0030701291669999998 0.0015323228194897515
0.0883366 0.0029454791669999997 0.00123819139348997
0.0976352 0.0038277 0.0010634075689770945
0.106934 0.0032500999999999997 0.0009086988514402395
0.116232 0.002982895833 0.0007999141545545563
0.125531 0.002622725 0.000716636048369819
0.13483 0.0023443833329999998 0.000650745089177134
0.144128 0.00271604 0.0006116037447728523
0.153427 0.0027494854167000003 0.0005732778568179255
0.162725 0.0023388829167000002 0.0005341562098800134
0.172024 0.0019238366666999998 0.0005012291537202003
0.181323 0.0021021366667 0.0004830946595330518
0.190621 0.0023217858333 0.00046933209051492437
0.19992 0.0020608183333000003 0.0004460522225756311
0.209218 0.0016816066666999999 0.0004237598582444356
0.218517 0.0019728425 0.0004171317128932558
0.227816 0.0021699995833 0.0004097726827238995
0.237114 0.0018460104167000002 0.00039285269500550336
0.246413 0.0021286975 0.000388132030220242
0.255711 0.0020478437499999998 0.0003789066220730469
0.26501 0.0022950504167 0.0003738939589239565
0.274309 0.0022072725 0.00036449732944375524
0.283607 0.00211397125 0.0003563279497795717
0.292906 0.00194242875 0.0003465506444128459
0.302204 0.0019148975000000002 0.0003403426683477524
0.311503 0.0019408529167 0.0003356234883744748
0.320802 0.00196614125 0.00033037976735657303
0.3301 0.0021062925 0.0003262512099871262
0.339399 0.0018881216666999999 0.0003175840794171889
0.348697 0.0017922816667 0.0003126781753594797
0.357996 0.0019044904167000002 0.00031022992995505787
0.367294 0.0019442845833 0.0003056294652967232
0.376593 0.0022469204167 0.000305824680254511
0.385892 0.00190182875 0.000297144178013966
0.39519 0.0018629183333 0.0002931339661536048
0.404489 0.0019071316667 0.0002900138458967734
0.413787 0.0019265933333 0.0002866957645578175
0.423086 0.0020774691667 0.0002849810576423154
0.432385 0.0018703550000000002 0.0002793605628072194
0.441683 0.0017425195832999998 0.0002747136210571368
0.450982 0.0019265937500000001 0.000274316710848005
0.46028 0.00201034375 0.00027250158312785056
0.469579 0.00182061625 0.00026676645716645236
0.478878 0.0017268012500000001 0.0002628464571611616
0.488176 0.0017787225000000001 0.00026055912894657835
0.497475 0.0017169420833 0.00025745394928384743
0.506773 0.0018078541667 0.00025610879891971246
0.516072 0.0017969616667 0.0002539072549679012
0.525371 0.0017411970833 0.00025049549446820395
0.534669 0.0017092037499999999 0.0002479257266884026
0.543968 0.0017477762499999998 0.0002467960081816407
0.553266 0.0020177516667 0.000247771698886561
0.562565 0.0018506116667000002 0.00024390629996577393
0.571864 0.0018285091667 0.00024161766043850685
0.581162 0.0017590341667 0.00023900230228077237
0.590461 0.0018655004167000002 0.0002382373524780212
0.599759 0.0019632670833 0.0002373533675733526
0.609058 0.0019254470833 0.00023485567565950817
0.618357 0.0017520608333 0.00023107936805247047
0.627655 0.00178519375 0.00022960104480591978
0.636954 0.00188868875 0.00022868359137424106
0.646252 0.0018767629167000001 0.00022682513267626564
0.655551 0.0017986662499999998 0.00022448598240278495
0.664849 0.0019647283333000002 0.0002243891668273073
0.674148 0.0018387466667000002 0.00022188004403393257
0.683447 0.0017440133333 0.00021943214297204112
0.692745 0.0016476625 0.00021689096751750054
0.702044 0.0018290604166999998 0.00021686974732318984
0.711342 0.0018865675 0.00021624836642191293
0.720641 0.00186702875 0.00021477753735153532
0.72994 0.0017922120833 0.00021279174345168584
0.739238 0.0018314904166999999 0.00021164936583721938
0.748537 0.0019112216667 0.00021088482084712928
0.757835 0.0019597587500000003 0.00021053140622029985
0.767134 0.0020223704167 0.00020959054789157662
0.776433 0.0018682795833 0.0002064700928084561
0.785731 0.0018443670833000001 0.00020488013500110787
0.79503 0.0019083608333 0.00020451878701009408
0.804328 0.0018428745832999999 0.0002028102130994935
0.813627 0.0017843525 0.00020072969108268448
0.822926 0.0018741429167 0.00020025366809236944
0.832224 0.0019811783333 0.00020034948646528456
0.841523 0.0020675395833 0.0001999613318578528
0.850821 0.0019875195833 0.00019817226708497337
0.86012 0.0018758745833 0.00019671423829166137
0.869419 0.0019357525 0.0001961385399350185
0.878717 0.0018935983332999998 0.00019453724548943932
0.888016 0.0018740770832999997 0.00019347247413788995
0.897314 0.0019268408333 0.0001927056250130655
0.906613 0.0019986120833 0.00019229316026889813
0.915912 0.0020465695833 0.00019154924093912453
0.92521 0.0020027008333 0.00019021180078432806
0.934509 0.0020164570833 0.00018949908779149354
0.943807 0.0020440049999999998 0.00018892181617841808
0.953106 0.0020187491667000004 0.00018764587710427306
0.962405 0.0020541154167 0.0001870330034076742
0.971703 0.0019930566667000003 0.00018550203418208255
0.981002 0.0018789779167000002 0.00018441810799223044
0.9903 0.0019652866667 0.0001842959096725539
0.999599 0.00209521625 0.00018413348881338471
1.0089 0.0020777591667 0.00018310570974027933
1.0182 0.0019788995833 0.00018132931711170927
1.02749 0.0018553120832999997 0.0001793206907913254
1.03679 0.0020588304167000002 0.0001801861495204772
1.04609 0.0021134004166999997 0.00017995788620340353
1.05539 0.0019692454167 0.00017795991098798405
1.06469 0.0021004375000000003 0.00017815869394381318
1.07399 0.0020470954167 0.00017703681416884483
1.08329 0.00202274 0.0001759090225157552
1.09258 0.00197058375 0.00017494647059559492
1.10188 0.0019311841667 0.00017370363337018943
1.11118 0.0020615166667 0.0001739717915974999
1.12048 0.002192845 0.00017457161148176116
1.12978 0.0021472570833 0.00017349430827325418
1.13908 0.0021681920833000004 0.00017274767519625885
1.14838 0.00220941875 0.00017246971902206576
1.15768 0.0020558879167 0.0001702952414116391
1.16697 0.00201177125 0.0001693767515718886
1.17627 0.0020706275 0.00016909266277817967
1.18557 0.00205708375 0.00016830526194344775
1.19487 0.0021254675 0.0001681520541788386
1.20417 0.0020543620833000003 0.0001667724779451855
1.21347 0.0021759658333000004 0.0001670578701361028
1.22277 0.0021917408333 0.0001665718024713504
1.23206 0.00213332875 0.0001656052144301265
1.24136 0.0021509199999999997 0.00016499298971350072
1.25066 0.0020876675 0.00016405057853277835
1.25996 0.0020506570833 0.00016320192413865506
1.26926 0.0020985691667 0.00016305159554856535
1.27856 0.00215849875 0.000162827584404416
1.28786 0.0020973395833 0.0001617915409042267
1.29715 0.0020961879167 0.00016104012293202086
1.30645 0.0019868075 0.00015972076381359134
1.31575 0.0020531570832999996 0.00015960348828165962
1.32505 0.0019854541667000004 0.00015857609070500704
1.33435 0.0021129137499999997 0.00015892370345024323
1.34365 0.0021419279167 0.0001585497049125979
1.35295 0.0020554516666999997 0.0001573535459598302
1.36224 0.0020977216666999998 0.00015699346334829598
1.37154 0.00216150875 0.00015697702230290178
1.38084 0.00217027625 0.00015640275213329413
1.39014 0.0020601816667 0.00015532989814634018
1.39944 0.0020670800000000002 0.0001548685403831378
1.40874 0.0022859025 0.00015601777193044463
1.41804 0.0022061491667 0.00015507458531932632
1.42733 0.00197792625 0.00015302086205593328
1.43663 0.0020431470833 0.00015321137819850557
1.44593 0.0019038533333 0.0001516300189525199
1.45523 0.00199113375 0.00015162969039431186
1.46453 0.0020051466667 0.0001512019094627499
1.47383 0.00207577875 0.00015119159880493544
1.48313 0.0019867008333000003 0.00014997887742040813
1.49242 0.0020110899999999997 0.00014959354787533804
1.50172 0.0020403454167 0.0001494191500884078
1.51102 0.0021182179166999997 0.00014941772554304648
1.52032 0.0019833154167000003 0.00014795866436739406
1.52962 0.0018943245832999998 0.00014680312723987227
1.53892 0.0019225033333 0.00014664465572101988
1.54822 0.0020950354167 0.00014728855747206263
1.55751 0.0020366854167 0.00014659098532975642
1.56681 0.0020094941667 0.0001458422364118274
1.57611 0.0020324883333 0.0001457371384095502
1.58541 0.0019949829167 0.00014498592112580062
1.59471 0.0020762658333 0.00014500380893260828
1.60401 0.0020663620833 0.000144467723418733
1.61331 0.0019095491667000001 0.00014298873212655261
1.6226 0.0018545025000000002 0.0001423422016065514
1.6319 0.00190638625 0.0001421852108130035
1.6412 0.00196879875 0.0001435120148417935
1.6505 0.0019326341667 0.00014560417055343135
1.6598 0.0020317329167000003 0.00014539885935974144
1.6691 0.0019422820833 0.00014668404680885592
1.6784 0.0018685741667 0.0001484400880068676
1.68769 0.0019174379167 0.00015126303240272574
1.69699 0.0018873558333 0.00014955401614341642
1.70629 0.0016977791667000001 0.00014967255840740894
1.71559 0.0017718720832999998 0.00015266596256704204
1.72489 0.0019091320833 0.0001539976639771119
1.73419 0.0018788345833000001 0.00015262657341074857
1.74349 0.00181156125 0.00015275955464123212
1.75279 0.0018084429167000001 0.00015561794346053375
1.76208 0.0017472 0.00015402659230715377
1.77138 0.0016684920832999999 0.00015360897059622862
1.78068 0.0016863445833 0.00015636386848196228
1.78998 0.0016530495833 0.0001575925977751132
1.79928 0.0016556208332999998 0.0001551473856362859
1.80858 0.0017861408332999998 0.0001557691528941932
1.81788 0.0017420716666999999 0.00015929090263352175
1.82717 0.0016654783333000002 0.00015598297748123103
1.83647 0.0016073179167 0.0001599289382879132
1.84577 0.0016154391667 0.00015817032899330876
1.85507 0.0016786279167 0.00015719820615511107
1.86437 0.0015876433333 0.00016125367473673177
1.87367 0.0014632691667 0.00016168476460744628
1.88297 0.0015043666667000001 0.00016556192158800865
1.89226 0.00150729625 0.00016631892563577342
1.90156 0.00167396125 0.00017539296948218216
1.91086 0.0016118366667 0.00018057620772905228
1.92016 0.0015879712500000002 0.00018528960830630007
1.92946 0.0014435895832999998 0.00018985563411003342
1.93876 0.0013141145833 0.00018681469570202818
1.94806 0.0014562849999999999 0.00019169889330325918
1.95735 0.00147484875 0.00019521203076791418
1.96665 0.0015872233333 0.00019709634655562996
1.97595 0.00163373125 0.0001959388690371209
1.98525 0.0016466641667 0.00020421261250206212
1.99455 0.0014270858333 0.0002048174332878236
2.00385 0.0013666787500000001 0.00020381518111531102
2.01315 0.0014381983333 0.00021796111875896975
2.02244 0.0013597549999999998 0.00020712136585365387
2.03174 0.00124098875 0.00020715805415293353
2.04104 0.0013364675 0.00021692838774818897
2.05034 0.0013103037500000001 0.0002160983214923293
2.05964 0.0011115758333 0.00021637272860083886
2.06894 0.001119115 0.00022817492566114565
2.07824 0.0011926083333 0.00022876717038898458
2.08753 0.0011506925 0.00022634926846094915
2.09683 0.00125436125 0.0002356724501130576
2.10613 0.0012595404167 0.0002345807757789765
2.11543 0.00137809875 0.00024086827353801002
2.12473 0.0012731120833 0.00023972420987788018
2.13403 0.0012107350000000001 0.00025817603208565715
2.14333 0.0012103558333 0.00024648729171413845
2.15262 0.0010984841667 0.00025015639444319633
2.16192 0.00125543125 0.0002949120875669224
2.17122 0.00128230125 0.0002584839014040464
2.18052 0.00124409875 0.0002832496846241157
2.18982 0.0009609616667000001 0.00026518597615673105
2.19912 0.0008286729167000001 0.00029212120356622307
2.20842 0.0010416879167 0.0002877161838895572
2.21771 0.00115375625 0.000281480167401369
2.22701 0.0011398954167 0.00031152649348634766
2.23631 0.0011235416667 0.00035165230231768205
2.24561 0.0010184604167000001 0.0003069143123101987
2.25491 0.0011100379167000001 0.00033828119387657843
2.26421 0.00098727875 0.00032169840942797886
2.27351 0.0010648316667000001 0.000374674345500647
2.2828 0.0008041533333 0.0003350938605530383
2.2921 0.0008616412499999999 0.00038820554712971293
2.3014 0.0007205958333 0.0003541086257757953
2.3107 0.0008772129167 0.000403598244242625
2.32 0.0010504529167 0.00041033181669563305
2.3293 0.0010255829167000001 0.00037868821482538574
2.3386 0.0009779045832999998 0.0003840325073425034
2.3479 0.0010125429167000002 0.0004424101589062873
2.35719 0.0011509808333 0.0004078198695980831
2.36649 0.000919485 0.00046989414905974247
2.37579 0.0005835924999999999 0.00042093831199939506
2.38509 0.0005486745833 0.0005202370294798954
2.39439 0.0006222624999999999 0.00048671931318261655
2.40369 0.0006679708332999999 0.0004976364046286874
2.41299 0.0004242470833 0.0006107128974767945
2.42228 0.0007516508332999999 0.0006968972553568674
2.43158 0.0008674150000000001 0.0007980829657991806
2.44088 0.0010242879167 0.0006652685124340612
2.45018 0.0011136116667 0.0007579329669804831
2.45948 0.0007877720833 0.0007085152914275072
2.46878 0.0009555479167000001 0.0007042098962222118
2.47808 0.0007881608333 0.0007282465385849258
2.48737 0.00081247125 0.0008310969955890536
2.49667 0.0006109425 0.0007938032225613049
2.50597 5.898624999999999e-05 0.0007527381740184459
2.51527 5.850500000000004e-05 0.0007964484091123671
2.52457 0.000535205 0.0009045240896090155
2.53387 0.0004886937499999999 0.0015019363098783185
2.54317 0.0005787850000000001 0.002179529955687413
2.55246 0.00054036025 0.004325976639564337
