q[nm-1] (time=2017-08-27T11:27:39.330466+0200|I_title=SF_water|||elev=4.14414e-06sah=1.70984e-05sav=0|sav=0|dis=2.99967|T1=3276.7+time=2017-08-27T11:27:40.545153+0200|I_title=SF_water|||elev=4.14414e-06sah=1.70984e-05sav=0|sav=0|dis=2.99967|T1=3276.7+time=2017-08-27T11:27:41.318206+0200|I_title=SF_water|||elev=4.14414e-06sah=1.70984e-05sav=0|sav=0|dis=2.99967|T1=3276.7+time=2017-08-27T11:27:41.978510+0200|I_title=SF_water|||elev=4.14414e-06sah=1.70984e-05sav=0|sav=0|dis=2.99967|T1=3276.7+time=2017-08-27T11:27:42.864010+0200|I_title=SF_water|||elev=4.14414e-06sah=1.70984e-05sav=0|sav=0|dis=2.99967|T1=3276.7+time=2017-08-27T11:27:43.631777+0200|I_title=SF_water|||elev=4.14414e-06sah=1.70984e-05sav=0|sav=0|dis=2.99967|T1=3276.7+time=2017-08-27T11:27:44.403655+0200|I_title=SF_water|||elev=4.14414e-06sah=1.70984e-05sav=0|sav=0|dis=2.99967|T1=3276.7+time=2017-08-27T11:27:45.176872+0200|I_title=SF_water|||elev=4.14414e-06sah=1.70984e-05sav=0|sav=0|dis=2.99967|T1=3276.7+time=2017-08-27T11:27:45.950328+0200|I_title=SF_water|||elev=4.14414e-06sah=1.70984e-05sav=0|sav=0|dis=2.99967|T1=3276.7+time=2017-08-27T11:27:47.272715+0200|I_title=SF_water|||elev=4.14414e-06sah=1.70984e-05sav=0|sav=0|dis=2.99967|T1=3276.7)/10 
2.3246500000e-02 1.1731060000e+00 3.8373625499e-03 
3.2545100000e-02 6.5729350000e-01 1.1981500760e-03 
4.1843700000e-02 3.1829560000e-01 6.3588286326e-04 
5.1142300000e-02 1.6191920000e-01 3.8661494738e-04 
6.0440900000e-02 9.1790760000e-02 2.5821576306e-04 
6.9739500000e-02 5.7262580000e-02 1.8540153287e-04 
7.9038000000e-02 3.8237310000e-02 1.3182126662e-04 
8.8336600000e-02 2.7514630000e-02 1.0433249042e-04 
9.7635200000e-02 2.1032490000e-02 8.6613953209e-05 
1.0693400000e-01 1.6386880000e-02 7.2999483158e-05 
1.1623200000e-01 1.3262260000e-02 6.2987026031e-05 
1.2553100000e-01 1.1102350000e-02 5.5491656257e-05 
1.3483000000e-01 9.5154920000e-03 4.9594472882e-05 
1.4412800000e-01 8.4317130000e-03 4.5187757841e-05 
1.5342700000e-01 7.6300550000e-03 4.1686654819e-05 
1.6272500000e-01 6.9999220000e-03 3.8800692074e-05 
1.7202400000e-01 6.5398320000e-03 3.6506525727e-05 
1.8132300000e-01 6.1562070000e-03 3.4511679912e-05 
1.9062100000e-01 5.8138850000e-03 3.2724862189e-05 
1.9992000000e-01 5.6190760000e-03 3.1431737568e-05 
2.0921800000e-01 5.4583330000e-03 3.0297074687e-05 
2.1851700000e-01 5.2862440000e-03 2.9170875775e-05 
2.2781600000e-01 5.1139380000e-03 2.8108379243e-05 
2.3711400000e-01 4.9707970000e-03 2.7176186024e-05 
2.4641300000e-01 4.9114730000e-03 2.6498940738e-05 
2.5571100000e-01 4.8394650000e-03 2.5826378425e-05 
2.6501000000e-01 4.8074320000e-03 2.5274437859e-05 
2.7430900000e-01 4.7655100000e-03 2.4732154531e-05 
2.8360700000e-01 4.6972430000e-03 2.4148937121e-05 
2.9290600000e-01 4.6537620000e-03 2.3649043457e-05 
3.0220400000e-01 4.6023310000e-03 2.3154675430e-05 
3.1150300000e-01 4.5808960000e-03 2.2749933564e-05 
3.2080200000e-01 4.5694670000e-03 2.2386848392e-05 
3.3010000000e-01 4.5502020000e-03 2.2023629722e-05 
3.3939900000e-01 4.4747460000e-03 2.1540398825e-05 
3.4869700000e-01 4.4456450000e-03 2.1181236339e-05 
3.5799600000e-01 4.4213610000e-03 2.0884198205e-05 
3.6729400000e-01 4.4249620000e-03 2.0625197760e-05 
3.7659300000e-01 4.4314760000e-03 2.0376441145e-05 
3.8589200000e-01 4.4143650000e-03 2.0087898032e-05 
3.9519000000e-01 4.3838220000e-03 1.9783447862e-05 
4.0448900000e-01 4.3899550000e-03 1.9565535114e-05 
4.1378700000e-01 4.3653690000e-03 1.9293159475e-05 
4.2308600000e-01 4.3584360000e-03 1.9065928405e-05 
4.3238500000e-01 4.3402440000e-03 1.8821005692e-05 
4.4168300000e-01 4.3053660000e-03 1.8546511574e-05 
4.5098200000e-01 4.3129600000e-03 1.8364168806e-05 
4.6028000000e-01 4.3223780000e-03 1.8192867766e-05 
4.6957900000e-01 4.3039950000e-03 1.7972442370e-05 
4.7887800000e-01 4.3122490000e-03 1.7807360465e-05 
4.8817600000e-01 4.3486930000e-03 1.7700613818e-05 
4.9747500000e-01 4.3271240000e-03 1.7487822464e-05 
5.0677300000e-01 4.2750760000e-03 1.7226491657e-05 
5.1607200000e-01 4.2636350000e-03 1.7048036453e-05 
5.2537100000e-01 4.2625550000e-03 1.6893688010e-05 
5.3466900000e-01 4.2535970000e-03 1.6730414401e-05 
5.4396800000e-01 4.2723120000e-03 1.6668202820e-05 
5.5326600000e-01 4.2755730000e-03 1.6521652966e-05 
5.6256500000e-01 4.2704040000e-03 1.6362910024e-05 
5.7186400000e-01 4.2847410000e-03 1.6249913463e-05 
5.8116200000e-01 4.2427940000e-03 1.6045468871e-05 
5.9046100000e-01 4.2501370000e-03 1.5926348012e-05 
5.9975900000e-01 4.2559540000e-03 1.5809080560e-05 
6.0905800000e-01 4.2745860000e-03 1.5715047259e-05 
6.1835700000e-01 4.2714880000e-03 1.5587415362e-05 
6.2765500000e-01 4.2722150000e-03 1.5473649065e-05 
6.3695400000e-01 4.2886210000e-03 1.5383719488e-05 
6.4625200000e-01 4.2621680000e-03 1.5226236596e-05 
6.5555100000e-01 4.2358230000e-03 1.5073316919e-05 
6.6484900000e-01 4.2189060000e-03 1.4926140452e-05 
6.7414800000e-01 4.2244730000e-03 1.4853747102e-05 
6.8344700000e-01 4.2107420000e-03 1.4732100055e-05 
6.9274500000e-01 4.2306110000e-03 1.4666543991e-05 
7.0204400000e-01 4.2329660000e-03 1.4570887998e-05 
7.1134200000e-01 4.2345140000e-03 1.4473821427e-05 
7.2064100000e-01 4.2342930000e-03 1.4377842254e-05 
7.2994000000e-01 4.2333740000e-03 1.4285633353e-05 
7.3923800000e-01 4.2401570000e-03 1.4205565218e-05 
7.4853700000e-01 4.2230260000e-03 1.4088415693e-05 
7.5783500000e-01 4.2176860000e-03 1.3993159019e-05 
7.6713400000e-01 4.2295520000e-03 1.3912309285e-05 
7.7643300000e-01 4.2509180000e-03 1.3859667872e-05 
7.8573100000e-01 4.2383970000e-03 1.3757802697e-05 
7.9503000000e-01 4.2208830000e-03 1.3650105623e-05 
8.0432800000e-01 4.2270410000e-03 1.3579531279e-05 
8.1362700000e-01 4.2024830000e-03 1.3465251352e-05 
8.2292600000e-01 4.1884580000e-03 1.3367573778e-05 
8.3222400000e-01 4.2130170000e-03 1.3328107761e-05 
8.4152300000e-01 4.2151010000e-03 1.3257020551e-05 
8.5082100000e-01 4.2280760000e-03 1.3202705745e-05 
8.6012000000e-01 4.2467520000e-03 1.3195312662e-05 
8.6941900000e-01 4.2433330000e-03 1.3115932561e-05 
8.7871700000e-01 4.2237500000e-03 1.3008166530e-05 
8.8801600000e-01 4.2343040000e-03 1.2951257372e-05 
8.9731400000e-01 4.2302530000e-03 1.2877835995e-05 
9.0661300000e-01 4.2168740000e-03 1.2792312543e-05 
9.1591200000e-01 4.2392810000e-03 1.2757212895e-05 
9.2521000000e-01 4.2386720000e-03 1.2686629949e-05 
9.3450900000e-01 4.2268200000e-03 1.2602831001e-05 
9.4380700000e-01 4.2306040000e-03 1.2543421758e-05 
9.5310600000e-01 4.2182570000e-03 1.2463665859e-05 
9.6240500000e-01 4.2159590000e-03 1.2398919989e-05 
9.7170300000e-01 4.2158370000e-03 1.2338590660e-05 
9.8100200000e-01 4.2321750000e-03 1.2333858513e-05 
9.9030000000e-01 4.2068180000e-03 1.2235569084e-05 
9.9959900000e-01 4.2175060000e-03 1.2189002991e-05 
1.0089000000e+00 4.2309550000e-03 1.2147387578e-05 
1.0182000000e+00 4.2285380000e-03 1.2086613139e-05 
1.0274900000e+00 4.2271720000e-03 1.2030281441e-05 
1.0367900000e+00 4.2518620000e-03 1.2005566149e-05 
1.0460900000e+00 4.2427030000e-03 1.1934734012e-05 
1.0553900000e+00 4.2283140000e-03 1.1861356745e-05 
1.0646900000e+00 4.2201720000e-03 1.1797964950e-05 
1.0739900000e+00 4.2281370000e-03 1.1762772727e-05 
1.0832900000e+00 4.2138190000e-03 1.1692299313e-05 
1.0925800000e+00 4.2414530000e-03 1.1678510240e-05 
1.1018800000e+00 4.2486790000e-03 1.1636987697e-05 
1.1111800000e+00 4.2175950000e-03 1.1547910933e-05 
1.1204800000e+00 4.2121280000e-03 1.1491651760e-05 
1.1297800000e+00 4.2106930000e-03 1.1441985307e-05 
1.1390800000e+00 4.2131430000e-03 1.1383330346e-05 
1.1483800000e+00 4.2250870000e-03 1.1351380053e-05 
1.1576800000e+00 4.2154590000e-03 1.1292684614e-05 
1.1669700000e+00 4.2327630000e-03 1.1267903980e-05 
1.1762700000e+00 4.2303710000e-03 1.1219799114e-05 
1.1855700000e+00 4.2122260000e-03 1.1153615707e-05 
1.1948700000e+00 4.2099420000e-03 1.1106855542e-05 
1.2041700000e+00 4.2263500000e-03 1.1083632220e-05 
1.2134700000e+00 4.2211490000e-03 1.1033951273e-05 
1.2227700000e+00 4.2261940000e-03 1.0996569776e-05 
1.2320600000e+00 4.2414020000e-03 1.0972409472e-05 
1.2413600000e+00 4.2270060000e-03 1.0913844111e-05 
1.2506600000e+00 4.2365820000e-03 1.0884326864e-05 
1.2599600000e+00 4.2303840000e-03 1.0837048971e-05 
1.2692600000e+00 4.2220100000e-03 1.0788159580e-05 
1.2785600000e+00 4.2138270000e-03 1.0734181801e-05 
1.2878600000e+00 4.2227480000e-03 1.0704335526e-05 
1.2971500000e+00 4.2420940000e-03 1.0688102506e-05 
1.3064500000e+00 4.2342970000e-03 1.0640625353e-05 
1.3157500000e+00 4.2262630000e-03 1.0593416263e-05 
1.3250500000e+00 4.2219240000e-03 1.0550796132e-05 
1.3343500000e+00 4.2089810000e-03 1.0499177801e-05 
1.3436500000e+00 4.2208140000e-03 1.0476725868e-05 
1.3529500000e+00 4.2062730000e-03 1.0423680230e-05 
1.3622400000e+00 4.2027700000e-03 1.0383381978e-05 
1.3715400000e+00 4.2162230000e-03 1.0363417544e-05 
1.3808400000e+00 4.2162890000e-03 1.0328692151e-05 
1.3901400000e+00 4.2070960000e-03 1.0304106695e-05 
1.3994400000e+00 4.2030970000e-03 1.0267304102e-05 
1.4087400000e+00 4.1974340000e-03 1.0229201630e-05 
1.4180400000e+00 4.2068430000e-03 1.0204394286e-05 
1.4273300000e+00 4.2064780000e-03 1.0170029561e-05 
1.4366300000e+00 4.2019700000e-03 1.0141142046e-05 
1.4459300000e+00 4.1851160000e-03 1.0088452133e-05 
1.4552300000e+00 4.2046610000e-03 1.0075833947e-05 
1.4645300000e+00 4.2014250000e-03 1.0038385141e-05 
1.4738300000e+00 4.1930910000e-03 1.0000270259e-05 
1.4831300000e+00 4.2028080000e-03 9.9811055688e-06 
1.4924200000e+00 4.2119710000e-03 9.9459215504e-06 
1.5017200000e+00 4.2056540000e-03 9.9071062881e-06 
1.5110200000e+00 4.1971180000e-03 9.8662366027e-06 
1.5203200000e+00 4.2027450000e-03 9.8410115265e-06 
1.5296200000e+00 4.1829780000e-03 9.7890055863e-06 
1.5389200000e+00 4.1843730000e-03 9.7603626151e-06 
1.5482200000e+00 4.1967090000e-03 9.7435590916e-06 
1.5575100000e+00 4.2135110000e-03 9.7314711139e-06 
1.5668100000e+00 4.2206510000e-03 9.7097561445e-06 
1.5761100000e+00 4.1900200000e-03 9.6482867474e-06 
1.5854100000e+00 4.2016910000e-03 9.6314712056e-06 
1.5947100000e+00 4.2178810000e-03 9.6200241289e-06 
1.6040100000e+00 4.2187670000e-03 9.5964467976e-06 
1.6133100000e+00 4.2084970000e-03 9.5573702661e-06 
1.6226000000e+00 4.1897840000e-03 9.5112759195e-06 
1.6319000000e+00 4.1858870000e-03 9.4746020535e-06 
1.6412000000e+00 4.1883880000e-03 9.5337554168e-06 
1.6505000000e+00 4.1946210000e-03 9.7549151749e-06 
1.6598000000e+00 4.1802280000e-03 9.6151185066e-06 
1.6691000000e+00 4.1912090000e-03 9.7468852633e-06 
1.6784000000e+00 4.1874120000e-03 9.8921223166e-06 
1.6876900000e+00 4.2006860000e-03 1.0113991887e-05 
1.6969900000e+00 4.1861040000e-03 9.9954457049e-06 
1.7062900000e+00 4.1713160000e-03 1.0063873034e-05 
1.7155900000e+00 4.1796390000e-03 1.0227716530e-05 
1.7248900000e+00 4.1786900000e-03 1.0239886828e-05 
1.7341900000e+00 4.1795020000e-03 1.0192304164e-05 
1.7434900000e+00 4.1948300000e-03 1.0251227226e-05 
1.7527900000e+00 4.1969240000e-03 1.0466386867e-05 
1.7620800000e+00 4.1932970000e-03 1.0357531857e-05 
1.7713800000e+00 4.1835740000e-03 1.0348399935e-05 
1.7806800000e+00 4.1925420000e-03 1.0555298171e-05 
1.7899800000e+00 4.1917620000e-03 1.0628818562e-05 
1.7992800000e+00 4.1837170000e-03 1.0473651062e-05 
1.8085800000e+00 4.1723850000e-03 1.0445286192e-05 
1.8178800000e+00 4.1829300000e-03 1.0739532197e-05 
1.8271700000e+00 4.1890360000e-03 1.0537655743e-05 
1.8364700000e+00 4.1719550000e-03 1.0719636014e-05 
1.8457700000e+00 4.1613360000e-03 1.0666856218e-05 
1.8550700000e+00 4.1680720000e-03 1.0597282655e-05 
1.8643700000e+00 4.1660650000e-03 1.0916614900e-05 
1.8736700000e+00 4.1610220000e-03 1.1039336819e-05 
1.8829700000e+00 4.1605490000e-03 1.1247786362e-05 
1.8922600000e+00 4.1715280000e-03 1.1312768113e-05 
1.9015600000e+00 4.1718120000e-03 1.1822503374e-05 
1.9108600000e+00 4.1673090000e-03 1.2235735921e-05 
1.9201600000e+00 4.1658040000e-03 1.2515038345e-05 
1.9294600000e+00 4.1453750000e-03 1.2917332063e-05 
1.9387600000e+00 4.1298660000e-03 1.2796161234e-05 
1.9480600000e+00 4.1359920000e-03 1.3042494386e-05 
1.9573500000e+00 4.1615050000e-03 1.3172870608e-05 
1.9666500000e+00 4.1719980000e-03 1.3345876354e-05 
1.9759500000e+00 4.1558360000e-03 1.3234298925e-05 
1.9852500000e+00 4.1602270000e-03 1.3712534407e-05 
1.9945500000e+00 4.1733700000e-03 1.3896874061e-05 
2.0038500000e+00 4.1583150000e-03 1.3825123402e-05 
2.0131500000e+00 4.1515180000e-03 1.4873921268e-05 
2.0224400000e+00 4.1518970000e-03 1.4140662760e-05 
2.0317400000e+00 4.1667500000e-03 1.4275013019e-05 
2.0410400000e+00 4.1595870000e-03 1.4895917449e-05 
2.0503400000e+00 4.1464990000e-03 1.4808628861e-05 
2.0596400000e+00 4.1362380000e-03 1.4935659439e-05 
2.0689400000e+00 4.1428600000e-03 1.5821716125e-05 
2.0782400000e+00 4.1619740000e-03 1.5774452753e-05 
2.0875300000e+00 4.1877060000e-03 1.5658930141e-05 
2.0968300000e+00 4.1668950000e-03 1.6292452647e-05 
2.1061300000e+00 4.1612170000e-03 1.6140347068e-05 
2.1154300000e+00 4.1510780000e-03 1.6512376748e-05 
2.1247300000e+00 4.1493150000e-03 1.6459452636e-05 
2.1340300000e+00 4.1500520000e-03 1.7853308746e-05 
2.1433300000e+00 4.1150800000e-03 1.6878704719e-05 
2.1526200000e+00 4.1160410000e-03 1.7221177245e-05 
2.1619200000e+00 4.1363930000e-03 2.0044262665e-05 
2.1712200000e+00 4.1481830000e-03 1.7807629675e-05 
2.1805200000e+00 4.1733550000e-03 1.9568374559e-05 
2.1898200000e+00 4.1453000000e-03 1.8525092317e-05 
2.1991200000e+00 4.1450190000e-03 2.0613061241e-05 
2.2084200000e+00 4.1623430000e-03 2.0147277715e-05 
2.2177100000e+00 4.1446450000e-03 1.9439917799e-05 
2.2270100000e+00 4.1270650000e-03 2.1412298803e-05 
2.2363100000e+00 4.1310150000e-03 2.4515852429e-05 
2.2456100000e+00 4.0996090000e-03 2.1202763754e-05 
2.2549100000e+00 4.1420900000e-03 2.3590793235e-05 
2.2642100000e+00 4.1590620000e-03 2.2498245302e-05 
2.2735100000e+00 4.1343440000e-03 2.6284786329e-05 
2.2828000000e+00 4.1371040000e-03 2.3459648201e-05 
2.2921000000e+00 4.1289540000e-03 2.6907357324e-05 
2.3014000000e+00 4.1300780000e-03 2.5088607089e-05 
2.3107000000e+00 4.1284170000e-03 2.8042193494e-05 
2.3200000000e+00 4.1101060000e-03 2.8055365858e-05 
2.3293000000e+00 4.0872010000e-03 2.6191449298e-05 
2.3386000000e+00 4.1347200000e-03 2.6889414022e-05 
2.3479000000e+00 4.2101650000e-03 3.1496853859e-05 
2.3571900000e+00 4.1639850000e-03 2.8222658134e-05 
2.3664900000e+00 4.1151190000e-03 3.3213575092e-05 
2.3757900000e+00 4.1014150000e-03 2.9963376248e-05 
2.3850900000e+00 4.0898560000e-03 3.6498516276e-05 
2.3943900000e+00 4.0791630000e-03 3.4657930991e-05 
2.4036900000e+00 4.0017080000e-03 3.4529589337e-05 
2.4129900000e+00 4.0261320000e-03 4.3354962005e-05 
2.4222800000e+00 4.0619590000e-03 5.2400836720e-05 
2.4315800000e+00 3.9983500000e-03 5.3109392851e-05 
2.4408800000e+00 4.0313910000e-03 4.5670670476e-05 
2.4501800000e+00 4.0453130000e-03 5.2606691855e-05 
2.4594800000e+00 4.0109980000e-03 5.0069257169e-05 
2.4687800000e+00 3.9365680000e-03 4.8054043450e-05 
2.4780800000e+00 3.8965420000e-03 4.9895976763e-05 
2.4873700000e+00 3.9013680000e-03 5.7602416026e-05 
2.4966700000e+00 4.0154020000e-03 5.7268290794e-05 
2.5059700000e+00 3.9468360000e-03 5.4278239000e-05 
2.5152700000e+00 3.9307720000e-03 5.6823697980e-05 
2.5245700000e+00 4.0307070000e-03 6.3265235100e-05 
2.5338700000e+00 4.0471400000e-03 1.0992368117e-04 
2.5431700000e+00 3.9443150000e-03 1.5499937827e-04 
2.5524600000e+00 3.7883420000e-03 3.0574681596e-04 
