 3.7679736E-02  3.7293938E-01
 3.9962273E-02  8.9684039E-02
 4.2244811E-02  6.7404337E-02
 4.4527344E-02  6.0298465E-02
 4.6809882E-02  9.5795497E-02
 4.9092419E-02  1.3827923E-01
 5.1374957E-02  5.5204637E-02
 5.3657494E-02  4.2007264E-02
 5.5940032E-02  6.6531226E-02
 5.8222570E-02  7.3088422E-02
 6.0505107E-02  5.3262573E-02
 6.2787645E-02  3.0862920E-02
 6.5070182E-02  4.3709379E-02
 6.7352720E-02  3.9381262E-02
 6.9635257E-02  4.6136506E-02
 7.1917787E-02  3.9561357E-02
 7.4200332E-02  2.5770234E-02
 7.6482862E-02  1.2436037E-02
 7.8765407E-02  2.3463072E-02
 8.1047937E-02  2.1339433E-02
 8.3330475E-02  3.9880171E-02
 8.5613012E-02  3.8783714E-02
 8.7895550E-02  1.7608574E-02
 9.0178087E-02  1.8166082E-02
 9.2460625E-02  3.2608479E-02
 9.4743162E-02  2.6022166E-02
 9.7025700E-02  3.0211885E-02
 9.9308237E-02  2.9864380E-02
 1.0159077E-01  2.8249547E-02
 1.0387331E-01  2.6306838E-02
 1.0615585E-01  2.0277355E-02
 1.0843839E-01  2.6837854E-02
 1.1072092E-01  3.2721560E-02
 1.1300346E-01  2.7596418E-02
 1.1528599E-01  2.2627957E-02
 1.1756853E-01  1.5395705E-02
 1.1985107E-01  1.7219767E-02
 1.2213361E-01  1.8859623E-02
 1.2441614E-01  2.5960630E-02
 1.2669867E-01  2.0878442E-02
 1.2898122E-01  2.0659542E-02
 1.3126376E-01  1.9413661E-02
 1.3354629E-01  2.2009237E-02
 1.3582882E-01  2.3580765E-02
 1.3811137E-01  2.1574141E-02
 1.4039391E-01  2.0455845E-02
 1.4267644E-01  2.3578905E-02
 1.4495897E-01  2.0044301E-02
 1.4724150E-01  1.6033484E-02
 1.4952405E-01  1.7924152E-02
 1.5180659E-01  1.7424809E-02
 1.5408912E-01  2.4628241E-02
 1.5637165E-01  2.2311317E-02
 1.5865420E-01  3.2099277E-02
 1.6093674E-01  2.4927841E-02
 1.6321927E-01  2.0275721E-02
 1.6550180E-01  1.5684288E-02
 1.6778435E-01  1.6724693E-02
 1.7006688E-01  2.3626091E-02
 1.7234942E-01  2.5796330E-02
 1.7463195E-01  2.0752801E-02
 1.7691450E-01  1.6973130E-02
 1.7919703E-01  1.6375905E-02
 1.8147957E-01  1.6274352E-02
 1.8376210E-01  2.0137604E-02
 1.8604465E-01  2.2270730E-02
 1.8832718E-01  2.2567047E-02
 1.9060972E-01  2.0801008E-02
 1.9289225E-01  1.9007310E-02
 1.9517480E-01  1.9666959E-02
 1.9745733E-01  1.8206511E-02
 1.9973987E-01  2.4465444E-02
 2.0202240E-01  2.3025380E-02
 2.0430493E-01  1.3869694E-02
 2.0658748E-01  1.6939919E-02
 2.0887001E-01  1.3904047E-02
 2.1115255E-01  1.4978508E-02
 2.1343508E-01  2.2608185E-02
 2.1571763E-01  2.1443052E-02
 2.1800016E-01  2.2712138E-02
 2.2028270E-01  2.0046566E-02
 2.2256523E-01  1.9492898E-02
 2.2484778E-01  2.2139655E-02
 2.2713031E-01  2.1302281E-02
 2.2941285E-01  1.8239364E-02
 2.3169538E-01  1.9270411E-02
 2.3397793E-01  1.8368684E-02
 2.3626046E-01  2.0542258E-02
 2.3854299E-01  1.9692259E-02
 2.4082553E-01  1.4880513E-02
 2.4310806E-01  1.9790558E-02
 2.4539061E-01  2.6942069E-02
 2.4767314E-01  2.7031191E-02
 2.4995568E-01  2.3517834E-02
 2.5223821E-01  2.0198556E-02
 2.5452077E-01  2.7367564E-02
 2.5680327E-01  2.6463617E-02
 2.5908583E-01  2.9179623E-02
 2.6136836E-01  2.1870919E-02
 2.6365089E-01  2.1020422E-02
 2.6593345E-01  2.7031343E-02
 2.6821598E-01  2.7111975E-02
 2.7049851E-01  2.9503778E-02
 2.7278107E-01  2.1245476E-02
 2.7506357E-01  2.0428989E-02
 2.7734613E-01  2.1248233E-02
 2.7962866E-01  2.5594085E-02
 2.8191119E-01  2.6569258E-02
 2.8419375E-01  2.4801854E-02
 2.8647625E-01  2.5770200E-02
 2.8875881E-01  2.0927887E-02
 2.9104137E-01  2.4218392E-02
 2.9332387E-01  2.7072074E-02
 2.9560643E-01  2.9059822E-02
 2.9788893E-01  2.9893788E-02
 3.0017149E-01  2.9047145E-02
 3.0245405E-01  3.1581972E-02
 3.0473655E-01  2.3655044E-02
 3.0701911E-01  2.6389154E-02
 3.0930167E-01  2.6328653E-02
 3.1158417E-01  2.5184715E-02
 3.1386673E-01  2.6318159E-02
 3.1614923E-01  2.3434795E-02
 3.1843179E-01  2.5068322E-02
 3.2071435E-01  2.6613057E-02
 3.2299685E-01  2.3928996E-02
 3.2527941E-01  2.6102195E-02
 3.2756191E-01  2.9104104E-02
 3.2984447E-01  2.5156988E-02
 3.3212703E-01  2.2150297E-02
 3.3440953E-01  2.8744075E-02
 3.3669209E-01  2.7569832E-02
 3.3897465E-01  2.2662632E-02
 3.4125715E-01  2.3144938E-02
 3.4353971E-01  2.7599853E-02
 3.4582222E-01  3.0162752E-02
 3.4810477E-01  2.8542522E-02
 3.5038733E-01  2.7275305E-02
 3.5266984E-01  3.1437490E-02
 3.5495239E-01  3.4863673E-02
 3.5723490E-01  3.1910270E-02
 3.5951746E-01  3.0474471E-02
 3.6180001E-01  3.5462093E-02
 3.6408252E-01  3.7478793E-02
 3.6636508E-01  3.8213719E-02
 3.6864763E-01  3.3377439E-02
 3.7093014E-01  2.9155292E-02
 3.7321270E-01  3.6879010E-02
 3.7549520E-01  3.4442011E-02
 3.7777776E-01  3.3436898E-02
 3.8006032E-01  4.0478814E-02
 3.8234282E-01  3.8265098E-02
 3.8462538E-01  3.9553773E-02
 3.8690788E-01  4.2612433E-02
 3.8919044E-01  3.7482545E-02
 3.9147300E-01  3.9070293E-02
 3.9375550E-01  4.0737063E-02
 3.9603806E-01  4.2748190E-02
 3.9832062E-01  4.0147148E-02
 4.0060312E-01  3.8610883E-02
 4.0288568E-01  4.1562688E-02
 4.0516818E-01  4.7038503E-02
 4.0745074E-01  4.5468241E-02
 4.0973330E-01  5.1246081E-02
 4.1201580E-01  5.0934196E-02
 4.1429836E-01  4.5616351E-02
 4.1658092E-01  4.9953710E-02
 4.1886342E-01  4.8375975E-02
 4.2114598E-01  4.2381722E-02
 4.2342848E-01  4.9314369E-02
 4.2571104E-01  4.5511350E-02
 4.2799360E-01  4.2463433E-02
 4.3027610E-01  4.7439255E-02
 4.3255866E-01  5.0333057E-02
 4.3484116E-01  5.6328475E-02
 4.3712372E-01  5.3208593E-02
 4.3940628E-01  5.1041868E-02
 4.4168878E-01  4.9650267E-02
 4.4397134E-01  5.2521721E-02
 4.4625390E-01  6.3136980E-02
 4.4853640E-01  5.9314325E-02
 4.5081896E-01  5.7501372E-02
 4.5310146E-01  5.5680323E-02
 4.5538402E-01  5.8181383E-02
 4.5766658E-01  6.0318872E-02
 4.5994908E-01  5.6361586E-02
 4.6223164E-01  5.5314470E-02
 4.6451414E-01  5.7157218E-02
 4.6679670E-01  5.9588753E-02
 4.6907926E-01  6.2776402E-02
 4.7136176E-01  6.4855568E-02
 4.7364432E-01  6.3511319E-02
 4.7592688E-01  6.1503347E-02
 4.7820938E-01  6.1028216E-02
 4.8049194E-01  6.1765194E-02
 4.8277444E-01  6.6074476E-02
 4.8505700E-01  7.2964229E-02
 4.8733956E-01  6.5110348E-02
 4.8962206E-01  5.6243043E-02
 4.9190462E-01  6.5774851E-02
 4.9418712E-01  7.2212018E-02
 4.9646968E-01  6.7982726E-02
 4.9875224E-01  6.7974322E-02
 5.0103474E-01  6.6416793E-02
 5.0331730E-01  6.2439151E-02
 5.0559986E-01  5.9967469E-02
 5.0788236E-01  6.6405728E-02
 5.1016492E-01  6.8759568E-02
 5.1244742E-01  6.8875395E-02
 5.1472998E-01  6.6575736E-02
 5.1701254E-01  7.0655562E-02
 5.1929504E-01  6.8781063E-02
 5.2157760E-01  6.9356158E-02
 5.2386016E-01  6.8355665E-02
 5.2614266E-01  6.8219222E-02
 5.2842522E-01  6.9750637E-02
 5.3070772E-01  7.0302226E-02
 5.3299028E-01  7.0041686E-02
 5.3527284E-01  6.5108500E-02
 5.3755534E-01  6.7544766E-02
 5.3983790E-01  7.0307344E-02
 5.4212046E-01  6.4315192E-02
 5.4440296E-01  6.2542453E-02
 5.4668552E-01  6.5916508E-02
 5.4896808E-01  6.6436805E-02
 5.5125058E-01  7.0057891E-02
 5.5353314E-01  6.3535839E-02
 5.5581564E-01  6.3296378E-02
 5.5809820E-01  6.4861871E-02
 5.6038076E-01  6.5673612E-02
 5.6266326E-01  7.1257614E-02
 5.6494582E-01  7.0525266E-02
 5.6722832E-01  6.4450525E-02
 5.6951088E-01  6.3246071E-02
 5.7179344E-01  6.3791536E-02
 5.7407594E-01  7.0864886E-02
 5.7635850E-01  7.3427796E-02
 5.7864106E-01  6.8980537E-02
 5.8092356E-01  6.7836329E-02
 5.8320612E-01  6.0732447E-02
 5.8548862E-01  6.6566609E-02
 5.8777118E-01  6.2144604E-02
 5.9005374E-01  6.3670158E-02
 5.9233624E-01  6.2334817E-02
 5.9461880E-01  6.2481362E-02
 5.9690136E-01  6.2539265E-02
 5.9918386E-01  5.8740634E-02
 6.0146642E-01  6.3931435E-02
 6.0374892E-01  6.0406335E-02
 6.0603148E-01  6.0995314E-02
 6.0831404E-01  6.3535117E-02
 6.1059654E-01  6.4888813E-02
 6.1287910E-01  6.0488757E-02
 6.1516160E-01  6.2921010E-02
 6.1744416E-01  6.2320147E-02
 6.1972672E-01  6.5543577E-02
 6.2200922E-01  6.0161635E-02
 6.2429178E-01  6.0248703E-02
 6.2657434E-01  5.5955939E-02
 6.2885684E-01  6.0758065E-02
 6.3113940E-01  5.5839211E-02
 6.3342190E-01  5.4760147E-02
 6.3570446E-01  6.3871548E-02
 6.3798702E-01  6.0107019E-02
 6.4026952E-01  5.9626974E-02
 6.4255208E-01  6.2353473E-02
 6.4483458E-01  6.4060666E-02
 6.4711714E-01  6.6886991E-02
 6.4939970E-01  5.6960471E-02
 6.5168220E-01  6.3709244E-02
 6.5396476E-01  6.1679062E-02
 6.5624732E-01  5.9255298E-02
 6.5852982E-01  6.1401326E-02
 6.6081238E-01  6.3472927E-02
 6.6309488E-01  6.2809944E-02
 6.6537744E-01  6.0080905E-02
 6.6766000E-01  5.8039147E-02
 6.6994250E-01  6.1149564E-02
 6.7222506E-01  6.4673707E-02
 6.7450762E-01  5.8867164E-02
 6.7679012E-01  5.8594149E-02
 6.7907268E-01  5.4430868E-02
 6.8135518E-01  6.1217703E-02
 6.8363774E-01  6.5678798E-02
 6.8592030E-01  6.1399359E-02
 6.8820280E-01  6.2601916E-02
 6.9048536E-01  6.5991513E-02
 6.9276786E-01  6.7608550E-02
 6.9505042E-01  5.8946785E-02
 6.9733298E-01  6.0699604E-02
 6.9961548E-01  5.7664912E-02
 7.0189804E-01  6.5877736E-02
 7.0418060E-01  6.4611644E-02
 7.0646310E-01  5.9105523E-02
 7.0874566E-01  5.9997935E-02
 7.1102816E-01  5.9337102E-02
 7.1331072E-01  6.1286535E-02
 7.1559328E-01  6.7545317E-02
 7.1787578E-01  7.0851423E-02
 7.2015834E-01  5.9596069E-02
 7.2244084E-01  6.2991567E-02
 7.2472340E-01  6.4673506E-02
 7.2700596E-01  7.1506165E-02
 7.2928846E-01  6.3124537E-02
 7.3157102E-01  6.4237356E-02
 7.3385358E-01  6.8636656E-02
 7.3613608E-01  6.6073865E-02
 7.3841864E-01  5.7297539E-02
 7.4070114E-01  5.8019113E-02
 7.4298370E-01  6.7958422E-02
 7.4526626E-01  6.3554876E-02
 7.4754876E-01  5.9271254E-02
 7.4983132E-01  5.8840264E-02
 7.5211382E-01  7.1099550E-02
 7.5439638E-01  8.2326278E-02
 7.5667894E-01  7.1158759E-02
 7.5896144E-01  5.9512842E-02
 7.6124400E-01  6.4690918E-02
 7.6352656E-01  7.0530593E-02
 7.6580906E-01  7.0999160E-02
 7.6809162E-01  6.6490889E-02
 7.7037412E-01  6.6660516E-02
 7.7265668E-01  7.0868067E-02
 7.7493924E-01  6.5631256E-02
 7.7722174E-01  6.0062800E-02
 7.7950430E-01  6.2198989E-02
 7.8178686E-01  5.8481842E-02
 7.8406936E-01  5.9094958E-02
 7.8635192E-01  6.4812981E-02
 7.8863442E-01  7.1381181E-02
 7.9091698E-01  6.8784297E-02
 7.9319954E-01  6.7057297E-02
 7.9548204E-01  6.5456890E-02
 7.9776460E-01  6.7462243E-02
 8.0004710E-01  6.6238731E-02
 8.0232966E-01  6.5653123E-02
 8.0461222E-01  6.6455618E-02
 8.0689472E-01  6.4700156E-02
 8.0917728E-01  6.8544120E-02
 8.1145984E-01  6.3127831E-02
 8.1374234E-01  6.6143326E-02
 8.1602490E-01  6.6245347E-02
 8.1830740E-01  6.4218029E-02
 8.2058996E-01  6.0784880E-02
 8.2287252E-01  6.3754484E-02
 8.2515502E-01  6.5097123E-02
 8.2743758E-01  7.0689671E-02
 8.2972008E-01  6.8842702E-02
 8.3200264E-01  6.6735715E-02
 8.3428520E-01  6.5353155E-02
 8.3656770E-01  7.4742846E-02
 8.3885026E-01  7.5841837E-02
 8.4113282E-01  7.3101111E-02
 8.4341532E-01  6.6735372E-02
 8.4569788E-01  6.7587152E-02
 8.4798038E-01  6.9443315E-02
 8.5026294E-01  7.3535465E-02
 8.5254550E-01  7.2089627E-02
 8.5482800E-01  7.4882463E-02
 8.5711056E-01  7.6537274E-02
 8.5939306E-01  6.6992410E-02
 8.6167562E-01  7.0304446E-02
 8.6395818E-01  6.8771780E-02
 8.6624068E-01  7.1972333E-02
 8.6852324E-01  7.3090874E-02
 8.7080580E-01  6.9432035E-02
 8.7308830E-01  6.8705067E-02
 8.7537086E-01  7.3008686E-02
 8.7765336E-01  7.8103431E-02
 8.7993592E-01  7.4263833E-02
 8.8221848E-01  7.6038904E-02
 8.8450098E-01  7.0489027E-02
 8.8678354E-01  7.4583158E-02
 8.8906610E-01  7.9280600E-02
 8.9134860E-01  7.5583428E-02
 8.9363116E-01  6.5468304E-02
 8.9591366E-01  6.8565264E-02
 8.9819622E-01  6.0269747E-02
 9.0047878E-01  6.9158114E-02
 9.0276128E-01  7.7720471E-02
 9.0504384E-01  6.9525778E-02
 9.0732634E-01  7.1285628E-02
 9.0960890E-01  7.3586613E-02
 9.1189146E-01  6.7922525E-02
 9.1417396E-01  6.6596508E-02
 9.1645652E-01  6.3513733E-02
 9.1873908E-01  7.1036421E-02
 9.2102158E-01  7.6634742E-02
 9.2330414E-01  7.4669793E-02
 9.2558664E-01  7.4495472E-02
 9.2786920E-01  7.5594768E-02
 9.3015176E-01  7.1469046E-02
 9.3243426E-01  7.2384596E-02
 9.3471682E-01  8.0212362E-02
 9.3699932E-01  7.7393927E-02
 9.3928188E-01  7.5617798E-02
 9.4156444E-01  7.3436379E-02
 9.4384694E-01  6.8405896E-02
 9.4612950E-01  6.6308603E-02
 9.4841206E-01  6.2271688E-02
 9.5069456E-01  6.8019859E-02
 9.5297712E-01  6.8280451E-02
 9.5525962E-01  7.2556935E-02
 9.5754218E-01  6.9121346E-02
 9.5982474E-01  7.0764452E-02
 9.6210724E-01  7.4713737E-02
 9.6438980E-01  8.1342503E-02
 9.6667236E-01  7.1926139E-02
 9.6895486E-01  6.3535817E-02
 9.7123742E-01  7.0887215E-02
 9.7351992E-01  7.5487919E-02
 9.7580248E-01  7.0541970E-02
 9.7808504E-01  7.1829490E-02
 9.8036754E-01  6.7493781E-02
 9.8265010E-01  7.1178809E-02
 9.8493260E-01  6.7335181E-02
 9.8721516E-01  6.5761626E-02
 9.8949772E-01  6.9991931E-02
 9.9178022E-01  7.4432112E-02
 9.9406278E-01  7.1199864E-02
 9.9634534E-01  6.8821661E-02
 9.9862784E-01  6.9955803E-02
 1.0009104E+00  6.7843363E-02
 1.0031929E+00  7.3747382E-02
 1.0054754E+00  7.2136216E-02
 1.0077580E+00  6.6606745E-02
 1.0100405E+00  6.4244390E-02
 1.0123230E+00  7.3573135E-02
 1.0146055E+00  7.2078273E-02
 1.0168881E+00  7.7310152E-02
 1.0191706E+00  7.1696848E-02
 1.0214531E+00  7.0367955E-02
 1.0237358E+00  6.6249967E-02
 1.0260183E+00  7.3304832E-02
 1.0283008E+00  6.9764696E-02
 1.0305834E+00  7.4490890E-02
 1.0328659E+00  7.1614198E-02
 1.0351484E+00  6.9698744E-02
 1.0374310E+00  6.7619182E-02
 1.0397135E+00  6.8647444E-02
 1.0419960E+00  7.4999273E-02
 1.0442786E+00  7.3821224E-02
 1.0465611E+00  6.8661198E-02
 1.0488436E+00  6.2856689E-02
 1.0511262E+00  7.1599953E-02
 1.0534087E+00  7.1877152E-02
 1.0556912E+00  6.9169760E-02
 1.0579739E+00  6.7713797E-02
 1.0602564E+00  6.6155069E-02
 1.0625389E+00  5.5953976E-02
 1.0648215E+00  6.4163700E-02
 1.0671040E+00  7.0823565E-02
 1.0693865E+00  7.8490853E-02
 1.0716690E+00  7.4805200E-02
 1.0739516E+00  6.9495663E-02
 1.0762341E+00  7.0142396E-02
 1.0785166E+00  6.3078403E-02
 1.0807992E+00  6.8076536E-02
 1.0830817E+00  6.8524122E-02
 1.0853642E+00  6.8567134E-02
 1.0876468E+00  6.8924181E-02
 1.0899293E+00  6.7199640E-02
 1.0922118E+00  6.9959044E-02
 1.0944945E+00  6.6319838E-02
 1.0967770E+00  7.0806004E-02
 1.0990595E+00  7.3043108E-02
 1.1013420E+00  7.1654856E-02
 1.1036246E+00  6.3693687E-02
 1.1059071E+00  6.7230724E-02
 1.1081896E+00  6.4337566E-02
 1.1104722E+00  7.0852585E-02
 1.1127547E+00  7.1459167E-02
 1.1150372E+00  6.8871021E-02
 1.1173198E+00  7.2107084E-02
 1.1196023E+00  7.3900811E-02
 1.1218848E+00  6.7311771E-02
 1.1241674E+00  6.3806660E-02
 1.1264499E+00  6.6629678E-02
 1.1287324E+00  6.6450976E-02
 1.1310149E+00  6.9954075E-02
 1.1332976E+00  6.8180725E-02
 1.1355801E+00  6.8747722E-02
 1.1378626E+00  6.0019005E-02
 1.1401452E+00  6.1806597E-02
 1.1424277E+00  6.6102222E-02
 1.1447102E+00  7.2153024E-02
 1.1469928E+00  6.2574930E-02
 1.1492753E+00  6.5762363E-02
 1.1515578E+00  6.3635349E-02
 1.1538404E+00  6.8902262E-02
 1.1561229E+00  6.4056814E-02
 1.1584054E+00  6.2917694E-02
 1.1606879E+00  6.4636491E-02
 1.1629705E+00  6.6854544E-02
 1.1652530E+00  6.4728662E-02
 1.1675355E+00  5.9641637E-02
 1.1698182E+00  6.2540881E-02
 1.1721007E+00  6.5037780E-02
 1.1743832E+00  7.2466865E-02
 1.1766658E+00  7.2800882E-02
 1.1789483E+00  7.1102232E-02
 1.1812308E+00  7.1141452E-02
 1.1835134E+00  6.7396350E-02
 1.1857959E+00  6.5234296E-02
 1.1880784E+00  7.0284866E-02
 1.1903609E+00  6.4691536E-02
 1.1926435E+00  6.6269800E-02
 1.1949260E+00  6.9860637E-02
 1.1972085E+00  6.8265378E-02
 1.1994911E+00  6.2688008E-02
 1.2017736E+00  6.3079968E-02
 1.2040561E+00  6.6945307E-02
 1.2063388E+00  6.4204812E-02
 1.2086213E+00  6.2088877E-02
 1.2109038E+00  5.9498746E-02
 1.2131864E+00  6.0249325E-02
 1.2154689E+00  6.8960525E-02
 1.2177514E+00  6.3172430E-02
 1.2200340E+00  6.4815328E-02
 1.2223165E+00  6.3453220E-02
 1.2245990E+00  6.2763475E-02
 1.2268815E+00  6.6055700E-02
 1.2291641E+00  6.3793354E-02
 1.2314466E+00  6.4065397E-02
 1.2337291E+00  6.0753547E-02
 1.2360117E+00  5.4237507E-02
 1.2382942E+00  5.4614842E-02
 1.2405767E+00  5.9320763E-02
 1.2428594E+00  5.9900336E-02
 1.2451419E+00  6.4443775E-02
 1.2474244E+00  5.8397245E-02
 1.2497070E+00  5.6522753E-02
 1.2519895E+00  5.6344517E-02
 1.2542720E+00  5.6915063E-02
 1.2565545E+00  5.9211675E-02
 1.2588371E+00  6.4010069E-02
 1.2611196E+00  6.0695745E-02
 1.2634021E+00  5.9353586E-02
 1.2656847E+00  5.3483393E-02
 1.2679672E+00  5.6559380E-02
 1.2702497E+00  6.5900914E-02
 1.2725323E+00  5.8241993E-02
 1.2748148E+00  6.1881874E-02
 1.2770973E+00  5.6998413E-02
 1.2793800E+00  6.1559662E-02
 1.2816625E+00  6.4157531E-02
 1.2839450E+00  5.8029793E-02
 1.2862275E+00  6.1608300E-02
 1.2885101E+00  6.1894260E-02
 1.2907926E+00  5.5564482E-02
 1.2930751E+00  5.7840422E-02
 1.2953577E+00  5.7780374E-02
 1.2976402E+00  5.8809012E-02
 1.2999227E+00  6.0426295E-02
 1.3022053E+00  6.2674180E-02
 1.3044878E+00  5.9130870E-02
 1.3067703E+00  6.1256655E-02
 1.3090529E+00  5.9704769E-02
 1.3113354E+00  5.4892998E-02
 1.3136179E+00  6.4646900E-02
 1.3159004E+00  5.8081739E-02
 1.3181831E+00  5.8937680E-02
 1.3204656E+00  6.8912596E-02
 1.3227481E+00  5.9141327E-02
 1.3250307E+00  5.4404702E-02
 1.3273132E+00  5.1286075E-02
 1.3295957E+00  5.2068416E-02
 1.3318783E+00  5.4633025E-02
 1.3341608E+00  6.1404936E-02
 1.3364433E+00  5.7270441E-02
 1.3387259E+00  6.2070221E-02
 1.3410084E+00  5.6842238E-02
 1.3432909E+00  5.3550854E-02
 1.3455734E+00  5.8325097E-02
 1.3478560E+00  6.0334496E-02
 1.3501385E+00  6.6131666E-02
 1.3524210E+00  5.7511501E-02
 1.3547037E+00  5.1989086E-02
 1.3569862E+00  5.4812267E-02
 1.3592687E+00  6.1876625E-02
 1.3615513E+00  5.5904243E-02
 1.3638338E+00  5.1202442E-02
 1.3661163E+00  5.2083284E-02
 1.3683989E+00  5.6533363E-02
 1.3706814E+00  4.9654495E-02
 1.3729639E+00  6.1071191E-02
 1.3752464E+00  5.9751593E-02
 1.3775290E+00  5.3869195E-02
 1.3798115E+00  4.1352715E-02
 1.3820940E+00  5.7911705E-02
 1.3843766E+00  5.8630850E-02
 1.3866591E+00  6.0834419E-02
 1.3889416E+00  5.4962870E-02
 1.3912243E+00  5.5185083E-02
 1.3935068E+00  4.9923684E-02
 1.3957893E+00  4.9723126E-02
 1.3980719E+00  4.9349282E-02
 1.4003544E+00  4.3825258E-02
 1.4026369E+00  3.4857541E-02
 1.4049195E+00  4.7184337E-02
 1.4072020E+00  5.4550260E-02
 1.4094845E+00  5.4636605E-02
 1.4117670E+00  5.3933147E-02
 1.4140496E+00  5.6221772E-02
 1.4163321E+00  5.1815554E-02
 1.4186146E+00  4.8821189E-02
 1.4208972E+00  5.2998308E-02
 1.4231797E+00  6.3764386E-02
 1.4254622E+00  5.7471674E-02
 1.4277449E+00  5.6851510E-02
 1.4300274E+00  5.9437156E-02
 1.4323099E+00  6.3977458E-02
 1.4345925E+00  7.4433096E-02
 1.4368750E+00  5.8419660E-02
 1.4391575E+00  5.0062656E-02
 1.4414400E+00  4.8714221E-02
 1.4437226E+00  3.9768457E-02
 1.4460051E+00  4.5509282E-02
 1.4482876E+00  3.7691049E-02
