 3.7679736E-02  3.3599031E-01
 3.9962273E-02  2.1058695E-01
 4.2244811E-02  1.9925827E-01
 4.4527344E-02  1.9812042E-01
 4.6809882E-02  1.7837198E-01
 4.9092419E-02  1.3200942E-01
 5.1374957E-02  1.3356793E-01
 5.3657494E-02  1.0509242E-01
 5.5940032E-02  7.5773582E-02
 5.8222570E-02  7.6737471E-02
 6.0505107E-02  6.1551824E-02
 6.2787645E-02  5.4247711E-02
 6.5070182E-02  4.6897937E-02
 6.7352720E-02  3.8400535E-02
 6.9635257E-02  3.9045382E-02
 7.1917787E-02  3.8786877E-02
 7.4200332E-02  4.1368540E-02
 7.6482862E-02  3.6009923E-02
 7.8765407E-02  2.8610565E-02
 8.1047937E-02  2.2888292E-02
 8.3330475E-02  1.8626183E-02
 8.5613012E-02  1.9547114E-02
 8.7895550E-02  2.2004884E-02
 9.0178087E-02  2.5332298E-02
 9.2460625E-02  1.4601071E-02
 9.4743162E-02  1.2937378E-02
 9.7025700E-02  1.1146703E-02
 9.9308237E-02  1.4107937E-02
 1.0159077E-01  1.6436523E-02
 1.0387331E-01  9.7040264E-03
 1.0615585E-01  8.4953411E-03
 1.0843839E-01  8.7356307E-03
 1.1072092E-01  1.0203096E-02
 1.1300346E-01  8.9091435E-03
 1.1528599E-01  9.4953589E-03
 1.1756853E-01  8.0120824E-03
 1.1985107E-01  8.9801354E-03
 1.2213361E-01  9.6342145E-03
 1.2441614E-01  9.3819732E-03
 1.2669867E-01  6.2782713E-03
 1.2898122E-01  4.1018664E-03
 1.3126376E-01  3.4504838E-03
 1.3354629E-01  4.2817714E-03
 1.3582882E-01  5.7613449E-03
 1.3811137E-01  4.0598880E-03
 1.4039391E-01  6.9039534E-03
 1.4267644E-01  6.7515294E-03
 1.4495897E-01  4.4502416E-03
 1.4724150E-01  5.4089446E-03
 1.4952405E-01 -2.7584069E-06
 1.5180659E-01  4.1377866E-03
 1.5408912E-01  6.4771539E-03
 1.5637165E-01  6.2190010E-03
 1.5865420E-01  3.4174430E-03
 1.6093674E-01  5.0958134E-03
 1.6321927E-01  5.7072942E-03
 1.6550180E-01  5.1082522E-03
 1.6778435E-01  4.9157026E-03
 1.7006688E-01  2.4915608E-03
 1.7234942E-01  3.6167027E-03
 1.7463195E-01  1.3192529E-03
 1.7691450E-01  1.2147129E-03
 1.7919703E-01  3.3532155E-03
 1.8147957E-01  4.2622900E-03
 1.8376210E-01  2.7106088E-03
 1.8604465E-01 -9.1351103E-04
 1.8832718E-01  2.6665791E-03
 1.9060972E-01  2.8024267E-03
 1.9289225E-01  3.3193524E-03
 1.9517480E-01 -6.9738686E-05
 1.9745733E-01  2.4072647E-03
 1.9973987E-01  2.4705273E-03
 2.0202240E-01  3.5082793E-03
 2.0430493E-01  1.0880416E-03
 2.0658748E-01  2.4861721E-03
 2.0887001E-01  4.8207052E-04
 2.1115255E-01 -1.5079816E-03
 2.1343508E-01  7.4995194E-05
 2.1571763E-01  3.2194187E-03
 2.1800016E-01  2.4333382E-03
 2.2028270E-01  5.5794639E-04
 2.2256523E-01  7.9235289E-04
 2.2484778E-01  1.5173029E-03
 2.2713031E-01  2.0901370E-04
 2.2941285E-01  3.7269224E-03
 2.3169538E-01  1.1638480E-03
 2.3397793E-01 -4.1974752E-04
 2.3626046E-01 -6.4201833E-04
 2.3854299E-01  1.1975324E-03
 2.4082553E-01  2.6635388E-03
 2.4310806E-01  2.3225506E-03
 2.4539061E-01 -8.7009906E-04
 2.4767314E-01  8.7450456E-04
 2.4995568E-01 -4.8639710E-04
 2.5223821E-01  4.4415306E-04
 2.5452077E-01 -3.2210720E-03
 2.5680327E-01 -7.7722839E-04
 2.5908583E-01  5.7946757E-04
 2.6136836E-01 -9.5507427E-04
 2.6365089E-01  7.4228313E-04
 2.6593345E-01 -1.9252353E-03
 2.6821598E-01 -1.6483106E-04
 2.7049851E-01 -1.0058816E-03
 2.7278107E-01  1.5711009E-04
 2.7506357E-01 -5.4933317E-04
 2.7734613E-01  1.5158242E-03
 2.7962866E-01  6.9662892E-05
 2.8191119E-01 -2.1946772E-03
 2.8419375E-01 -1.4583563E-03
 2.8647625E-01 -1.6734519E-04
 2.8875881E-01  3.4431563E-04
 2.9104137E-01  1.0650915E-03
 2.9332387E-01 -9.8521193E-04
 2.9560643E-01 -8.6054043E-04
 2.9788893E-01 -3.1307220E-04
 3.0017149E-01 -1.1698356E-03
 3.0245405E-01 -1.8008248E-03
 3.0473655E-01  1.1704795E-03
 3.0701911E-01  1.1251925E-03
 3.0930167E-01 -8.1312418E-04
 3.1158417E-01  8.8019494E-04
 3.1386673E-01  1.8190376E-03
 3.1614923E-01  4.3809184E-04
 3.1843179E-01  2.3056855E-04
 3.2071435E-01 -1.0643580E-03
 3.2299685E-01  1.1626024E-03
 3.2527941E-01  1.8568432E-03
 3.2756191E-01  3.7925511E-03
 3.2984447E-01  1.1245669E-03
 3.3212703E-01 -1.3408114E-03
 3.3440953E-01 -2.4155015E-03
 3.3669209E-01 -2.6010093E-03
 3.3897465E-01  1.1432645E-03
 3.4125715E-01  1.2884330E-03
 3.4353971E-01  1.6318599E-03
 3.4582222E-01  5.4502062E-04
 3.4810477E-01 -1.3273343E-04
 3.5038733E-01  1.5552245E-03
 3.5266984E-01  2.1276800E-03
 3.5495239E-01  1.7831073E-04
 3.5723490E-01  5.1012833E-04
 3.5951746E-01 -3.8264511E-04
 3.6180001E-01  1.3369166E-03
 3.6408252E-01  8.8220084E-04
 3.6636508E-01  1.4897321E-03
 3.6864763E-01  6.1976997E-04
 3.7093014E-01 -8.8252808E-04
 3.7321270E-01  6.6471420E-04
 3.7549520E-01  8.4013550E-04
 3.7777776E-01 -2.0329305E-03
 3.8006032E-01  5.8769964E-04
 3.8234282E-01  3.2440242E-03
 3.8462538E-01  1.1461852E-03
 3.8690788E-01 -1.6979900E-03
 3.8919044E-01 -2.1864256E-04
 3.9147300E-01  5.6255638E-04
 3.9375550E-01  1.6769933E-03
 3.9603806E-01 -3.0327096E-04
 3.9832062E-01  5.9611537E-04
 4.0060312E-01  2.1509356E-03
 4.0288568E-01 -1.6689757E-03
 4.0516818E-01 -3.6519620E-04
 4.0745074E-01  2.2557592E-03
 4.0973330E-01  1.9665009E-03
 4.1201580E-01  1.2713007E-03
 4.1429836E-01 -1.2048346E-03
 4.1658092E-01 -1.1095505E-03
 4.1886342E-01 -3.0011060E-03
 4.2114598E-01  4.7998994E-05
 4.2342848E-01 -4.5594230E-04
 4.2571104E-01 -9.3964254E-04
 4.2799360E-01  8.4444799E-04
 4.3027610E-01  6.3634601E-05
 4.3255866E-01  1.3638445E-04
 4.3484116E-01 -2.0348062E-03
 4.3712372E-01 -1.7687907E-03
 4.3940628E-01  2.7295595E-04
 4.4168878E-01 -6.8871066E-04
 4.4397134E-01 -1.0663075E-03
 4.4625390E-01 -3.9830939E-03
 4.4853640E-01  4.7846061E-05
 4.5081896E-01  6.4068846E-04
 4.5310146E-01  2.0197730E-03
 4.5538402E-01  1.1014129E-03
 4.5766658E-01 -6.0705969E-04
 4.5994908E-01  5.4726086E-04
 4.6223164E-01  1.6538508E-05
 4.6451414E-01 -4.8051518E-04
 4.6679670E-01 -1.3949091E-05
 4.6907926E-01  1.6247886E-04
 4.7136176E-01 -4.6411858E-04
 4.7364432E-01 -6.2964886E-04
 4.7592688E-01 -8.3973748E-04
 4.7820938E-01 -2.2385373E-04
 4.8049194E-01 -1.0810120E-03
 4.8277444E-01 -1.8176766E-03
 4.8505700E-01  8.0619915E-04
 4.8733956E-01 -5.4007291E-04
 4.8962206E-01 -1.4796114E-03
 4.9190462E-01  7.2215614E-04
 4.9418712E-01  1.5368332E-03
 4.9646968E-01 -6.8337994E-04
 4.9875224E-01 -9.9080824E-04
 5.0103474E-01  6.7479920E-04
 5.0331730E-01 -1.7811370E-03
 5.0559986E-01 -1.9058541E-03
 5.0788236E-01 -8.0252468E-04
 5.1016492E-01  8.4834034E-04
 5.1244742E-01  1.0123488E-03
 5.1472998E-01 -1.7268525E-03
 5.1701254E-01 -1.6774239E-03
 5.1929504E-01 -1.0490766E-03
 5.2157760E-01 -3.5591649E-05
 5.2386016E-01 -1.2552748E-03
 5.2614266E-01 -1.4075976E-03
 5.2842522E-01 -1.5367902E-03
 5.3070772E-01 -7.6703943E-04
 5.3299028E-01  6.8261556E-04
 5.3527284E-01 -2.2703207E-04
 5.3755534E-01 -5.9752294E-04
 5.3983790E-01 -3.7451705E-04
 5.4212046E-01  1.8624324E-04
 5.4440296E-01  3.1270229E-04
 5.4668552E-01  3.8941325E-05
 5.4896808E-01 -8.5466017E-04
 5.5125058E-01 -1.7621201E-04
 5.5353314E-01 -1.3496459E-03
 5.5581564E-01 -1.4105621E-04
 5.5809820E-01  1.3327663E-03
 5.6038076E-01  9.2454383E-04
 5.6266326E-01 -2.3448483E-04
 5.6494582E-01 -9.7900745E-04
 5.6722832E-01 -1.3811708E-03
 5.6951088E-01  1.1862257E-03
 5.7179344E-01 -5.3714245E-04
 5.7407594E-01 -1.1937807E-03
 5.7635850E-01 -1.2288991E-03
 5.7864106E-01 -1.3875890E-03
 5.8092356E-01 -3.0169307E-04
 5.8320612E-01 -2.0594883E-04
 5.8548862E-01 -4.5496912E-05
 5.8777118E-01  8.0060452E-04
 5.9005374E-01 -1.5521273E-05
 5.9233624E-01 -1.7882767E-03
 5.9461880E-01  4.3789129E-04
 5.9690136E-01  1.8000916E-03
 5.9918386E-01 -8.6868218E-05
 6.0146642E-01 -2.2345409E-03
 6.0374892E-01 -1.0158366E-03
 6.0603148E-01 -3.7067596E-04
 6.0831404E-01  3.0539592E-04
 6.1059654E-01  2.0604506E-04
 6.1287910E-01  1.6330059E-03
 6.1516160E-01  3.1837835E-03
 6.1744416E-01 -9.4637106E-04
 6.1972672E-01 -1.2291932E-03
 6.2200922E-01 -2.4455755E-03
 6.2429178E-01 -8.0101448E-04
 6.2657434E-01 -1.0140254E-03
 6.2885684E-01 -2.7472975E-03
 6.3113940E-01 -3.0651174E-03
 6.3342190E-01 -2.3795289E-03
 6.3570446E-01 -5.7473448E-05
 6.3798702E-01  2.9176104E-04
 6.4026952E-01 -6.8164535E-04
 6.4255208E-01  7.5027419E-05
 6.4483458E-01 -2.3777401E-03
 6.4711714E-01 -1.5755262E-03
 6.4939970E-01  8.7405829E-04
 6.5168220E-01 -2.1468448E-03
 6.5396476E-01 -2.1535608E-03
 6.5624732E-01 -3.0161379E-04
 6.5852982E-01 -7.6723302E-04
 6.6081238E-01  8.4915933E-05
 6.6309488E-01 -1.7025651E-04
 6.6537744E-01 -1.3848393E-03
 6.6766000E-01 -4.2852125E-04
 6.6994250E-01 -2.0519330E-05
 6.7222506E-01  2.2919336E-03
 6.7450762E-01  3.7289815E-04
 6.7679012E-01 -2.8336747E-03
 6.7907268E-01 -9.3111274E-05
 6.8135518E-01  1.2355604E-03
 6.8363774E-01  3.6683847E-04
 6.8592030E-01  1.3098434E-04
 6.8820280E-01 -1.3380669E-03
 6.9048536E-01  1.3640158E-04
 6.9276786E-01  1.2511413E-03
 6.9505042E-01  8.3733862E-04
 6.9733298E-01 -1.8228977E-03
 6.9961548E-01 -2.4900243E-03
 7.0189804E-01 -1.6623132E-03
 7.0418060E-01  3.1877283E-04
 7.0646310E-01  1.4282898E-03
 7.0874566E-01 -2.4917207E-03
 7.1102816E-01 -3.3938680E-03
 7.1331072E-01  1.9830980E-04
 7.1559328E-01  5.1995675E-04
 7.1787578E-01 -1.8165669E-03
 7.2015834E-01 -3.5630082E-04
 7.2244084E-01  9.1547827E-04
 7.2472340E-01  7.6727389E-04
 7.2700596E-01 -1.1932508E-04
 7.2928846E-01 -5.1565235E-04
 7.3157102E-01  1.9199203E-03
 7.3385358E-01  1.1348830E-03
 7.3613608E-01  2.4158848E-03
 7.3841864E-01  1.1527591E-03
 7.4070114E-01  9.1197772E-04
 7.4298370E-01 -1.0499747E-03
 7.4526626E-01 -1.9923832E-04
 7.4754876E-01 -2.5864411E-04
 7.4983132E-01 -1.8292671E-04
 7.5211382E-01  2.1892865E-03
 7.5439638E-01  2.1937597E-04
 7.5667894E-01  4.4830094E-04
 7.5896144E-01  1.2072616E-03
 7.6124400E-01 -5.5545173E-04
 7.6352656E-01 -1.1219195E-03
 7.6580906E-01 -2.4229239E-03
 7.6809162E-01 -1.9036946E-03
 7.7037412E-01 -4.8488795E-04
 7.7265668E-01 -1.0372862E-03
 7.7493924E-01  1.0047858E-03
 7.7722174E-01  8.6706679E-04
 7.7950430E-01  9.5080301E-05
 7.8178686E-01  6.2087178E-04
 7.8406936E-01  3.0790607E-04
 7.8635192E-01  1.4191810E-03
 7.8863442E-01 -7.1707898E-04
 7.9091698E-01 -8.7351259E-04
 7.9319954E-01  4.7286355E-04
 7.9548204E-01  5.4951833E-04
 7.9776460E-01  7.0614842E-05
 8.0004710E-01 -5.9831160E-04
 8.0232966E-01  7.2510418E-04
 8.0461222E-01  7.7366550E-04
 8.0689472E-01  2.8310166E-04
 8.0917728E-01  8.6587813E-04
 8.1145984E-01  7.5446762E-04
 8.1374234E-01 -5.4555119E-04
 8.1602490E-01 -5.2642723E-04
 8.1830740E-01 -3.5311416E-04
 8.2058996E-01  1.7730126E-03
 8.2287252E-01  1.8712276E-04
 8.2515502E-01 -3.5143236E-04
 8.2743758E-01 -2.1067499E-03
 8.2972008E-01 -1.1478612E-03
 8.3200264E-01  1.0375081E-03
 8.3428520E-01  2.0666695E-03
 8.3656770E-01  1.2487156E-03
 8.3885026E-01  2.0400060E-03
 8.4113282E-01  1.6269324E-03
 8.4341532E-01  9.2467637E-04
 8.4569788E-01 -5.8164564E-04
 8.4798038E-01  2.2737901E-03
 8.5026294E-01  3.6571072E-03
 8.5254550E-01 -4.7356446E-04
 8.5482800E-01  1.4755676E-03
 8.5711056E-01  1.0790861E-03
 8.5939306E-01 -2.3081625E-04
 8.6167562E-01 -1.9656420E-04
 8.6395818E-01  1.6868416E-04
 8.6624068E-01 -7.6037028E-04
 8.6852324E-01 -2.2055905E-03
 8.7080580E-01 -8.9262595E-04
 8.7308830E-01  5.4322928E-04
 8.7537086E-01 -1.2749210E-03
 8.7765336E-01  4.0865448E-04
 8.7993592E-01 -1.8482961E-03
 8.8221848E-01 -1.0517326E-03
 8.8450098E-01  1.3686143E-03
 8.8678354E-01 -2.2656114E-03
 8.8906610E-01 -1.2634910E-03
 8.9134860E-01 -2.2947413E-03
 8.9363116E-01 -3.1305638E-03
 8.9591366E-01  2.2766367E-03
 8.9819622E-01  1.9424771E-03
 9.0047878E-01  8.5180381E-04
 9.0276128E-01  8.5240748E-04
 9.0504384E-01 -1.5707836E-03
 9.0732634E-01  6.2183460E-04
 9.0960890E-01 -7.2841952E-04
 9.1189146E-01 -9.5474126E-04
 9.1417396E-01 -2.3126812E-03
 9.1645652E-01 -2.0619279E-03
 9.1873908E-01 -6.9125439E-04
 9.2102158E-01  2.1212816E-04
 9.2330414E-01 -1.2692398E-03
 9.2558664E-01 -5.9533928E-04
 9.2786920E-01 -7.6889904E-04
 9.3015176E-01 -1.9517973E-03
 9.3243426E-01  1.0884070E-03
 9.3471682E-01  7.7798107E-04
 9.3699932E-01 -1.6026333E-04
 9.3928188E-01 -1.3024827E-03
 9.4156444E-01  1.4364570E-03
 9.4384694E-01  3.6218081E-04
 9.4612950E-01 -3.0394585E-04
 9.4841206E-01  4.1503305E-04
 9.5069456E-01  2.8578946E-03
 9.5297712E-01  1.0610987E-03
 9.5525962E-01  2.5515360E-04
 9.5754218E-01  1.7049580E-03
 9.5982474E-01 -1.2034981E-03
 9.6210724E-01 -3.5243665E-04
 9.6438980E-01  5.4299389E-04
 9.6667236E-01 -4.0766990E-04
 9.6895486E-01 -1.4080380E-03
 9.7123742E-01 -7.7603775E-04
 9.7351992E-01  3.8028072E-04
 9.7580248E-01 -1.3303088E-03
 9.7808504E-01  1.2442375E-03
 9.8036754E-01 -8.1443833E-04
 9.8265010E-01 -1.2685290E-03
 9.8493260E-01  2.0289524E-03
 9.8721516E-01 -8.4670210E-05
 9.8949772E-01 -1.3903008E-03
 9.9178022E-01 -9.8051532E-05
 9.9406278E-01 -9.9933113E-04
 9.9634534E-01 -2.5808500E-04
 9.9862784E-01 -3.3696694E-03
 1.0009104E+00  6.3891625E-06
 1.0031929E+00 -9.3633932E-04
 1.0054754E+00  4.4931608E-04
 1.0077580E+00  1.6623904E-03
 1.0100405E+00 -4.2153473E-04
 1.0123230E+00  4.9659371E-04
 1.0146055E+00 -1.7086149E-03
 1.0168881E+00 -8.8550348E-04
 1.0191706E+00 -4.5480739E-04
 1.0214531E+00 -9.9975918E-04
 1.0237358E+00 -2.0066795E-03
 1.0260183E+00 -3.4987932E-04
 1.0283008E+00  1.5376379E-04
 1.0305834E+00 -1.2085635E-03
 1.0328659E+00  5.6822953E-04
 1.0351484E+00  3.9270718E-04
 1.0374310E+00 -2.0960606E-04
 1.0397135E+00  1.6132171E-03
 1.0419960E+00  2.6358964E-03
 1.0442786E+00 -7.2509208E-04
 1.0465611E+00 -1.3001782E-03
 1.0488436E+00 -6.6107151E-04
 1.0511262E+00 -2.5676657E-04
 1.0534087E+00  1.5450221E-04
 1.0556912E+00 -4.7203133E-04
 1.0579739E+00  1.5395963E-04
 1.0602564E+00  5.7861389E-04
 1.0625389E+00  1.3715896E-04
 1.0648215E+00  2.2320566E-03
 1.0671040E+00 -2.0975966E-03
 1.0693865E+00 -8.0012564E-05
 1.0716690E+00  1.2600006E-03
 1.0739516E+00 -1.2225307E-03
 1.0762341E+00 -8.5680321E-04
 1.0785166E+00 -7.6681265E-04
 1.0807992E+00 -1.3170341E-03
 1.0830817E+00 -1.7048683E-03
 1.0853642E+00 -1.0576021E-03
 1.0876468E+00 -8.5351476E-04
 1.0899293E+00 -3.4339030E-04
 1.0922118E+00 -2.5294756E-04
 1.0944945E+00 -1.9797662E-03
 1.0967770E+00  5.2423577E-04
 1.0990595E+00  1.3468340E-03
 1.1013420E+00  6.8317365E-04
 1.1036246E+00  8.4704952E-04
 1.1059071E+00  4.7884005E-04
 1.1081896E+00  2.6889625E-03
 1.1104722E+00  1.4864358E-03
 1.1127547E+00  4.7498391E-04
 1.1150372E+00 -3.0739594E-03
 1.1173198E+00 -3.0169194E-03
 1.1196023E+00  9.9652098E-04
 1.1218848E+00 -6.7867851E-04
 1.1241674E+00 -1.1099150E-03
 1.1264499E+00 -1.6502744E-03
 1.1287324E+00  3.0928577E-04
 1.1310149E+00 -9.8602322E-04
 1.1332976E+00 -9.3616819E-04
 1.1355801E+00  6.1044982E-04
 1.1378626E+00  8.4436894E-04
 1.1401452E+00 -4.9865007E-04
 1.1424277E+00 -1.7105485E-04
 1.1447102E+00  1.0711190E-03
 1.1469928E+00  3.2501490E-04
 1.1492753E+00  6.2099818E-05
 1.1515578E+00  1.6495112E-03
 1.1538404E+00  4.5208310E-04
 1.1561229E+00 -6.2935916E-04
 1.1584054E+00  1.5703577E-03
 1.1606879E+00 -1.0910303E-03
 1.1629705E+00  2.8747757E-04
 1.1652530E+00  3.7330421E-04
 1.1675355E+00  3.4475114E-04
 1.1698182E+00 -7.1464026E-05
 1.1721007E+00 -1.2735105E-03
 1.1743832E+00 -2.1521384E-03
 1.1766658E+00 -3.6747209E-05
 1.1789483E+00 -1.0592850E-03
 1.1812308E+00 -1.9865765E-03
 1.1835134E+00  4.5481985E-04
 1.1857959E+00  8.9650368E-04
 1.1880784E+00 -1.1982530E-03
 1.1903609E+00 -8.3952147E-04
 1.1926435E+00  1.6320399E-04
 1.1949260E+00  7.1306678E-04
 1.1972085E+00 -2.0832240E-03
 1.1994911E+00 -1.5660837E-04
 1.2017736E+00 -2.2113357E-04
 1.2040561E+00  2.6856561E-04
 1.2063388E+00 -6.5903369E-05
 1.2086213E+00  1.1646614E-03
 1.2109038E+00  3.3424917E-04
 1.2131864E+00  6.3587434E-04
 1.2154689E+00  1.9197806E-03
 1.2177514E+00  2.0696702E-03
 1.2200340E+00  2.6454974E-04
 1.2223165E+00 -9.8126440E-04
 1.2245990E+00  7.4169954E-04
 1.2268815E+00  1.2712061E-03
 1.2291641E+00 -3.0842144E-04
 1.2314466E+00  3.0600955E-04
 1.2337291E+00  1.7999025E-04
 1.2360117E+00  1.3702554E-03
 1.2382942E+00  6.2196184E-04
 1.2405767E+00 -1.5306389E-03
 1.2428594E+00 -9.4362366E-04
 1.2451419E+00 -2.5127383E-03
 1.2474244E+00 -1.7854475E-03
 1.2497070E+00 -8.4002601E-04
 1.2519895E+00 -3.0096155E-04
 1.2542720E+00  1.2124009E-04
 1.2565545E+00 -2.6550804E-05
 1.2588371E+00  1.2522145E-03
 1.2611196E+00  5.8260577E-04
 1.2634021E+00  2.2811079E-03
 1.2656847E+00  4.1743615E-04
 1.2679672E+00 -1.3122116E-03
 1.2702497E+00 -7.9877628E-04
 1.2725323E+00  2.5867185E-04
 1.2748148E+00 -3.1352416E-04
 1.2770973E+00 -2.5190235E-04
 1.2793800E+00 -7.4717146E-04
 1.2816625E+00  1.7654907E-04
 1.2839450E+00 -1.0510877E-03
 1.2862275E+00 -6.6285854E-04
 1.2885101E+00  8.7918929E-04
 1.2907926E+00 -3.1016409E-04
 1.2930751E+00  5.8079010E-04
 1.2953577E+00  6.9070532E-04
 1.2976402E+00 -1.1959531E-04
 1.2999227E+00 -3.7654099E-04
 1.3022053E+00 -8.4184279E-04
 1.3044878E+00 -3.6802792E-04
 1.3067703E+00 -1.3601430E-03
 1.3090529E+00 -7.5320961E-05
 1.3113354E+00  8.5575751E-04
 1.3136179E+00 -2.2277473E-03
 1.3159004E+00 -1.3347907E-03
 1.3181831E+00  7.7444402E-04
 1.3204656E+00  1.1301866E-03
 1.3227481E+00 -2.8103811E-04
 1.3250307E+00 -5.2258634E-04
 1.3273132E+00  4.9643213E-04
 1.3295957E+00 -8.6535577E-04
 1.3318783E+00 -3.8508294E-04
 1.3341608E+00 -1.4198232E-03
 1.3364433E+00 -8.1444177E-04
 1.3387259E+00 -3.1737177E-04
 1.3410084E+00 -4.7785428E-04
 1.3432909E+00 -3.3447557E-04
 1.3455734E+00  7.6926866E-04
 1.3478560E+00  3.1240974E-04
 1.3501385E+00  1.0928697E-03
 1.3524210E+00  8.8568992E-04
 1.3547037E+00  1.3575840E-03
 1.3569862E+00  1.4844760E-03
 1.3592687E+00  1.5122463E-03
 1.3615513E+00  2.0152091E-03
 1.3638338E+00  2.3552307E-04
 1.3661163E+00 -1.9311435E-06
 1.3683989E+00  3.9612968E-04
 1.3706814E+00  5.5904733E-04
 1.3729639E+00  1.1586034E-03
 1.3752464E+00 -3.1792984E-05
 1.3775290E+00  2.3399715E-03
 1.3798115E+00  4.8498862E-04
 1.3820940E+00 -8.9719123E-04
 1.3843766E+00 -8.2654448E-04
 1.3866591E+00 -6.3389941E-04
 1.3889416E+00 -5.9283257E-04
 1.3912243E+00 -1.6089259E-03
 1.3935068E+00 -1.9260629E-03
 1.3957893E+00 -2.4995289E-03
 1.3980719E+00 -8.1980880E-04
 1.4003544E+00 -9.7210950E-04
 1.4026369E+00 -1.1830300E-03
 1.4049195E+00 -1.4574060E-03
 1.4072020E+00  1.1690177E-04
 1.4094845E+00 -1.7229829E-03
 1.4117670E+00  9.9669059E-04
 1.4140496E+00  1.4421702E-03
 1.4163321E+00  2.3384900E-03
 1.4186146E+00  1.9653358E-03
 1.4208972E+00  4.5217783E-04
 1.4231797E+00  2.9524085E-03
 1.4254622E+00  6.4805342E-04
 1.4277449E+00 -2.5963290E-03
 1.4300274E+00  1.4922286E-03
 1.4323099E+00  9.2345901E-04
 1.4345925E+00  2.2590928E-05
 1.4368750E+00  3.7964608E-03
 1.4391575E+00 -1.3050738E-03
 1.4414400E+00 -3.8557310E-04
 1.4437226E+00  3.0357651E-03
 1.4460051E+00 -3.2260228E-04
 1.4482876E+00  1.1422858E-03
