Q(1/nm) TTAB30045P_50_norm_minus_branco1_norm.dat 
1.3431242E-01 1.3885398E+08 
1.4240868E-01 1.0958655E+08 
1.5050495E-01 8.5428336E+07 
1.5860121E-01 6.7443232E+07 
1.6669747E-01 5.3508948E+07 
1.7479375E-01 4.3369152E+07 
1.8289001E-01 3.5166076E+07 
1.9098628E-01 2.8739910E+07 
1.9908255E-01 2.3771224E+07 
2.0717882E-01 1.9632152E+07 
2.1527508E-01 1.6359506E+07 
2.2337136E-01 1.3766616E+07 
2.3146760E-01 1.1629099E+07 
2.3956388E-01 9.7688180E+06 
2.4766015E-01 8.2222130E+06 
2.5575641E-01 6.9718280E+06 
2.6385269E-01 5.9913590E+06 
2.7194893E-01 5.0329645E+06 
2.8004521E-01 4.3045455E+06 
2.8814149E-01 3.5524078E+06 
2.9623777E-01 3.0157258E+06 
3.0433401E-01 2.5423592E+06 
3.1243026E-01 2.1830400E+06 
3.2052654E-01 1.7679828E+06 
3.2862282E-01 1.4337318E+06 
3.3671910E-01 1.2541219E+06 
3.4481534E-01 1.0049059E+06 
3.5291159E-01 7.8746262E+05 
3.6100787E-01 6.6187881E+05 
3.6910415E-01 4.8967381E+05 
3.7720042E-01 3.5104678E+05 
3.8529667E-01 2.7368012E+05 
3.9339295E-01 2.0726756E+05 
4.0148920E-01 1.0331860E+05 
4.0958548E-01 5.2811984E+04 
4.1768175E-01 -2.3948168E+04 
4.2577800E-01 -2.7846791E+04 
4.3387428E-01 -6.9585766E+04 
4.4197056E-01 -8.8536805E+04 
4.5006680E-01 -8.8796938E+04 
4.5816308E-01 -8.2944141E+04 
4.6625933E-01 -8.4857719E+04 
4.7435561E-01 -1.0358880E+05 
4.8245189E-01 -9.8772898E+04 
4.9054813E-01 -7.4751711E+04 
4.9864441E-01 -5.9050113E+04 
5.0674069E-01 -4.5207855E+04 
5.1483691E-01 -8.8257203E+04 
5.2293324E-01 3.3181956E+03 
5.3102946E-01 1.5706280E+04 
5.3912574E-01 4.4391977E+04 
5.4722202E-01 1.0242635E+05 
5.5531824E-01 1.8885936E+05 
5.6341457E-01 2.3042294E+05 
5.7151079E-01 3.4679184E+05 
5.7960707E-01 3.1411738E+05 
5.8770335E-01 3.5832347E+05 
5.9579957E-01 4.3104016E+05 
6.0389590E-01 4.8504297E+05 
6.1199212E-01 5.6525850E+05 
6.2008840E-01 6.1104888E+05 
6.2818468E-01 7.5910438E+05 
6.3628095E-01 7.6875225E+05 
6.4437723E-01 8.0531069E+05 
6.5247345E-01 8.9390938E+05 
6.6056973E-01 9.9006719E+05 
6.6866601E-01 1.0466243E+06 
6.7676228E-01 1.1263940E+06 
6.8485856E-01 1.1772826E+06 
6.9295478E-01 1.2985054E+06 
7.0105106E-01 1.3853380E+06 
7.0914733E-01 1.5165818E+06 
7.1724361E-01 1.6348142E+06 
7.2533989E-01 1.6854531E+06 
7.3343617E-01 1.7541856E+06 
7.4153239E-01 1.8503891E+06 
7.4962866E-01 1.9345179E+06 
7.5772494E-01 2.0933879E+06 
7.6582122E-01 2.1454428E+06 
7.7391750E-01 2.2557310E+06 
7.8201371E-01 2.3544892E+06 
7.9010999E-01 2.4830275E+06 
7.9820627E-01 2.5634468E+06 
8.0630255E-01 2.6822080E+06 
8.1439883E-01 2.7537522E+06 
8.2249504E-01 2.8653032E+06 
8.3059132E-01 2.9746838E+06 
8.3868760E-01 3.0998710E+06 
8.4678388E-01 3.1857735E+06 
8.5488015E-01 3.2854560E+06 
8.6297643E-01 3.3620710E+06 
8.7107265E-01 3.4756470E+06 
8.7916893E-01 3.5774125E+06 
8.8726521E-01 3.6915060E+06 
8.9536148E-01 3.7868555E+06 
9.0345776E-01 3.8525015E+06 
9.1155398E-01 3.9283065E+06 
9.1965026E-01 4.0403272E+06 
9.2774653E-01 4.1013970E+06 
9.3584281E-01 4.1894662E+06 
9.4393909E-01 4.2654945E+06 
9.5203531E-01 4.3355125E+06 
9.6013159E-01 4.4066215E+06 
9.6822786E-01 4.5055510E+06 
9.7632414E-01 4.4728580E+06 
9.8442042E-01 4.5488535E+06 
9.9251670E-01 4.5776965E+06 
1.0006130E+00 4.6435345E+06 
1.0087092E+00 4.6526675E+06 
1.0168054E+00 4.6876120E+06 
1.0249017E+00 4.7447665E+06 
1.0329981E+00 4.7229425E+06 
1.0410943E+00 4.7359345E+06 
1.0491905E+00 4.7921990E+06 
1.0572867E+00 4.7890155E+06 
1.0653831E+00 4.8076070E+06 
1.0734794E+00 4.7691755E+06 
1.0815756E+00 4.8024390E+06 
1.0896719E+00 4.8139945E+06 
1.0977681E+00 4.7553545E+06 
1.1058644E+00 4.7085030E+06 
1.1139607E+00 4.7131170E+06 
1.1220570E+00 4.6743570E+06 
1.1301532E+00 4.6461200E+06 
1.1382495E+00 4.6407240E+06 
1.1463457E+00 4.6249130E+06 
1.1544420E+00 4.5403700E+06 
1.1625383E+00 4.5052375E+06 
1.1706345E+00 4.4871170E+06 
1.1787308E+00 4.5037605E+06 
1.1868271E+00 4.4432715E+06 
1.1949233E+00 4.3560130E+06 
1.2030196E+00 4.3147685E+06 
1.2111158E+00 4.2377385E+06 
1.2192122E+00 4.2200295E+06 
1.2273084E+00 4.1526998E+06 
1.2354046E+00 4.1072505E+06 
1.2435009E+00 4.0780705E+06 
1.2515972E+00 3.9881092E+06 
1.2596935E+00 3.9689270E+06 
1.2677897E+00 3.8958138E+06 
1.2758859E+00 3.9058148E+06 
1.2839823E+00 3.8334730E+06 
1.2920785E+00 3.7738805E+06 
1.3001748E+00 3.6738095E+06 
1.3082711E+00 3.6526400E+06 
1.3163674E+00 3.6305882E+06 
1.3244636E+00 3.5623948E+06 
1.3325598E+00 3.5254760E+06 
1.3406562E+00 3.4849885E+06 
1.3487524E+00 3.4298478E+06 
1.3568487E+00 3.3649680E+06 
1.3649449E+00 3.3393590E+06 
1.3730412E+00 3.2936728E+06 
1.3811375E+00 3.2444840E+06 
1.3892337E+00 3.1967122E+06 
1.3973300E+00 3.1373705E+06 
1.4054263E+00 3.0671620E+06 
1.4135225E+00 3.0337212E+06 
1.4216188E+00 3.0140540E+06 
1.4297150E+00 2.9303825E+06 
1.4378114E+00 2.9009325E+06 
1.4459076E+00 2.8854442E+06 
1.4540038E+00 2.8310260E+06 
1.4621001E+00 2.8117662E+06 
1.4701964E+00 2.7538555E+06 
1.4782927E+00 2.7244358E+06 
1.4863889E+00 2.7112162E+06 
1.4944851E+00 2.6281628E+06 
1.5025815E+00 2.5829868E+06 
1.5106777E+00 2.5657955E+06 
1.5187740E+00 2.5607840E+06 
1.5268703E+00 2.5293542E+06 
1.5349665E+00 2.4565778E+06 
1.5430628E+00 2.4194665E+06 
1.5511590E+00 2.3798880E+06 
1.5592554E+00 2.3515138E+06 
1.5673516E+00 2.3292895E+06 
1.5754479E+00 2.3096752E+06 
1.5835441E+00 2.3044875E+06 
1.5916404E+00 2.2533272E+06 
1.5997367E+00 2.1972188E+06 
1.6078329E+00 2.1608318E+06 
1.6159292E+00 2.1224220E+06 
1.6240255E+00 2.0888000E+06 
1.6321217E+00 2.0718369E+06 
1.6402180E+00 2.0431059E+06 
1.6483142E+00 2.0425814E+06 
1.6564106E+00 1.9878255E+06 
1.6645068E+00 1.9630001E+06 
1.6726030E+00 1.9369871E+06 
1.6806993E+00 1.9463138E+06 
1.6887956E+00 1.9251999E+06 
1.6968919E+00 1.8512699E+06 
1.7049881E+00 1.8147938E+06 
1.7130843E+00 1.7958058E+06 
1.7211807E+00 1.7850642E+06 
1.7292769E+00 1.7550860E+06 
1.7373732E+00 1.7106991E+06 
1.7454695E+00 1.7127049E+06 
1.7535657E+00 1.6887036E+06 
1.7616620E+00 1.6693291E+06 
1.7697582E+00 1.6480238E+06 
1.7778546E+00 1.6227076E+06 
1.7859508E+00 1.6081089E+06 
1.7940470E+00 1.5959040E+06 
1.8021433E+00 1.5336894E+06 
1.8102396E+00 1.4966019E+06 
1.8183359E+00 1.4723746E+06 
1.8264321E+00 1.4572166E+06 
1.8345284E+00 1.4673105E+06 
1.8426247E+00 1.4453600E+06 
1.8507209E+00 1.4235191E+06 
1.8588172E+00 1.3689790E+06 
1.8669134E+00 1.3889934E+06 
1.8750098E+00 1.3469050E+06 
1.8831060E+00 1.3336155E+06 
1.8912022E+00 1.3103261E+06 
1.8992985E+00 1.2864416E+06 
1.9073948E+00 1.2633800E+06 
1.9154911E+00 1.2393175E+06 
1.9235873E+00 1.2152061E+06 
1.9316835E+00 1.1794456E+06 
1.9397799E+00 1.1842758E+06 
1.9478761E+00 1.1634170E+06 
1.9559724E+00 1.1337398E+06 
1.9640687E+00 1.1159451E+06 
1.9721649E+00 1.1027235E+06 
1.9802612E+00 1.0767720E+06 
1.9883574E+00 1.0542862E+06 
1.9964538E+00 1.0389552E+06 
2.0045500E+00 1.0387720E+06 
2.0126462E+00 1.0118841E+06 
2.0207424E+00 9.9087900E+05 
2.0288386E+00 9.8492869E+05 
2.0369351E+00 9.4504962E+05 
2.0450313E+00 9.3758175E+05 
2.0531275E+00 9.4331625E+05 
2.0612240E+00 9.3563362E+05 
2.0693202E+00 9.0278838E+05 
2.0774164E+00 8.5305419E+05 
2.0855126E+00 8.3567769E+05 
2.0936089E+00 8.2589925E+05 
2.1017051E+00 8.2681500E+05 
2.1098013E+00 8.1208875E+05 
2.1178977E+00 7.5662256E+05 
2.1259940E+00 7.4729862E+05 
2.1340902E+00 7.2035656E+05 
2.1421864E+00 7.3865556E+05 
2.1502829E+00 7.1481219E+05 
2.1583791E+00 6.7981806E+05 
2.1664753E+00 6.5856919E+05 
2.1745715E+00 6.5836150E+05 
2.1826677E+00 6.4531412E+05 
2.1907642E+00 6.3790631E+05 
2.1988604E+00 6.0284906E+05 
2.2069566E+00 6.0618831E+05 
2.2150528E+00 5.8120200E+05 
2.2231493E+00 5.6578575E+05 
2.2312455E+00 5.4377650E+05 
2.2393417E+00 5.2697419E+05 
2.2474380E+00 5.3562450E+05 
2.2555342E+00 5.0542144E+05 
2.2636306E+00 4.9916916E+05 
2.2717268E+00 4.7578634E+05 
2.2798231E+00 4.5946506E+05 
2.2879193E+00 4.4400084E+05 
2.2960155E+00 4.0599853E+05 
2.3041120E+00 3.8567759E+05 
2.3122082E+00 3.9625481E+05 
2.3203044E+00 4.0722169E+05 
2.3284006E+00 3.8422428E+05 
2.3364968E+00 3.7656228E+05 
2.3445933E+00 3.6993531E+05 
2.3526895E+00 3.5718516E+05 
2.3607857E+00 3.2878547E+05 
2.3688819E+00 3.2684222E+05 
2.3769782E+00 3.2371491E+05 
2.3850746E+00 2.8519503E+05 
2.3931708E+00 2.7876928E+05 
2.4012671E+00 2.6708000E+05 
2.4093633E+00 2.6792741E+05 
2.4174595E+00 2.4604720E+05 
2.4255559E+00 2.4108273E+05 
2.4336522E+00 2.2671830E+05 
2.4417484E+00 2.0488162E+05 
2.4498446E+00 1.8665769E+05 
2.4579408E+00 1.8523339E+05 
2.4660373E+00 1.7373119E+05 
2.4741335E+00 1.7899711E+05 
2.4822297E+00 1.7016820E+05 
2.4903259E+00 1.5044745E+05 
2.4984221E+00 1.4449289E+05 
2.5065186E+00 1.3248333E+05 
2.5146148E+00 1.0870658E+05 
2.5227110E+00 9.3328680E+04 
2.5308073E+00 1.1343015E+05 
2.5389035E+00 1.2346905E+05 
2.5469999E+00 7.1758633E+04 
2.5550961E+00 5.7733336E+04 
2.5631924E+00 7.5419602E+04 
2.5712886E+00 6.6903102E+04 
2.5793848E+00 5.2991211E+04 
2.5874813E+00 3.1811949E+04 
2.5955775E+00 3.5085395E+04 
2.6036737E+00 2.2361238E+04 
2.6117699E+00 8.2781045E+03 
2.6198661E+00 9.4281992E+03 
2.6279626E+00 -1.1385007E+03 
2.6360588E+00 -9.4860303E+03 
2.6441550E+00 -1.0672461E+04 
2.6522512E+00 -1.7813295E+04 
2.6603475E+00 -3.3099648E+04 
2.6684439E+00 -4.8267473E+04 
2.6765401E+00 -4.6441965E+04 
2.6846364E+00 -6.6707133E+04 
2.6927326E+00 -5.0151008E+04 
2.7008288E+00 -5.3609180E+04 
2.7089252E+00 -5.8743539E+04 
2.7170215E+00 -9.3072164E+04 
2.7251177E+00 -1.0211694E+05 
2.7332139E+00 -1.0274309E+05 
2.7413104E+00 -1.1589305E+05 
2.7494066E+00 -1.1204799E+05 
2.7575028E+00 -1.0796169E+05 
2.7655990E+00 -1.3799947E+05 
2.7736952E+00 -1.3984744E+05 
2.7817917E+00 -1.3230988E+05 
2.7898879E+00 -1.4069266E+05 
2.7979841E+00 -1.3950639E+05 
2.8060803E+00 -1.7162623E+05 
2.8141766E+00 -1.6738686E+05 
2.8222730E+00 -1.7327200E+05 
2.8303692E+00 -1.7888777E+05 
2.8384655E+00 -1.7816066E+05 
2.8465617E+00 -1.8491561E+05 
2.8546579E+00 -2.0024623E+05 
2.8627543E+00 -2.1701556E+05 
2.8708506E+00 -2.2392362E+05 
2.8789468E+00 -2.0951259E+05 
2.8870430E+00 -2.0819722E+05 
2.8951392E+00 -2.1518303E+05 
2.9032357E+00 -2.1605136E+05 
2.9113319E+00 -2.4074681E+05 
2.9194281E+00 -2.2056678E+05 
2.9275243E+00 -2.2614888E+05 
2.9356205E+00 -2.2862409E+05 
2.9437170E+00 -2.2241256E+05 
2.9518132E+00 -2.3340527E+05 
2.9599094E+00 -2.3405528E+05 
2.9680057E+00 -2.5464208E+05 
2.9761019E+00 -2.7179950E+05 
2.9841983E+00 -2.6896450E+05 
2.9922945E+00 -2.6737153E+05 
3.0003908E+00 -2.9380116E+05 
3.0084870E+00 -2.8463131E+05 
3.0165832E+00 -2.7211847E+05 
3.0246797E+00 -2.5991772E+05 
3.0327759E+00 -2.8769922E+05 
3.0408721E+00 -2.8215953E+05 
3.0489683E+00 -2.9102041E+05 
3.0570645E+00 -2.8822756E+05 
3.0651610E+00 -3.1039534E+05 
3.0732572E+00 -3.0845028E+05 
3.0813534E+00 -3.3343716E+05 
3.0894496E+00 -3.3181966E+05 
3.0975459E+00 -3.2834984E+05 
3.1056423E+00 -3.2212044E+05 
3.1137385E+00 -3.2049819E+05 
3.1218348E+00 -3.1564953E+05 
3.1299310E+00 -3.2499984E+05 
3.1380272E+00 -3.4274244E+05 
3.1461236E+00 -3.8154659E+05 
3.1542199E+00 -3.8456112E+05 
3.1623161E+00 -3.6319578E+05 
3.1704123E+00 -3.3798550E+05 
3.1785085E+00 -3.4831544E+05 
3.1866050E+00 -3.8422153E+05 
3.1947012E+00 -3.9347578E+05 
3.2027974E+00 -4.0400431E+05 
3.2108936E+00 -3.9195769E+05 
3.2189898E+00 -3.8902738E+05 
3.2270863E+00 -4.1149491E+05 
3.2351825E+00 -4.0645212E+05 
3.2432787E+00 -4.2615503E+05 
3.2513750E+00 -3.7708962E+05 
3.2594714E+00 -4.1083075E+05 
3.2675676E+00 -4.0185306E+05 
3.2756639E+00 -4.2130691E+05 
3.2837601E+00 -4.2233344E+05 
3.2918563E+00 -4.2833325E+05 
3.2999527E+00 -4.5274222E+05 
3.3080490E+00 -4.5755891E+05 
3.3161452E+00 -4.2349769E+05 
3.3242414E+00 -4.2709328E+05 
3.3323376E+00 -4.4128078E+05 
3.3404341E+00 -4.4371678E+05 
3.3485303E+00 -4.2658644E+05 
3.3566265E+00 -4.6330491E+05 
3.3647227E+00 -4.6332981E+05 
3.3728189E+00 -4.5875453E+05 
3.3809154E+00 -4.7504212E+05 
3.3890116E+00 -4.7139956E+05 
3.3971078E+00 -4.7059319E+05 
3.4052041E+00 -4.7129303E+05 
3.4133003E+00 -4.8686316E+05 
3.4213967E+00 -4.9873703E+05 
3.4294930E+00 -4.7439491E+05 
3.4375892E+00 -4.7823297E+05 
3.4456854E+00 -4.7575412E+05 
3.4537816E+00 -5.0223025E+05 
3.4618781E+00 -5.0747656E+05 
3.4699743E+00 -4.9396706E+05 
3.4780705E+00 -4.9617125E+05 
3.4861667E+00 -5.1307469E+05 
3.4942629E+00 -5.3077275E+05 
3.5023594E+00 -5.3961831E+05 
3.5104556E+00 -5.2147328E+05 
3.5185518E+00 -5.1430159E+05 
3.5266480E+00 -5.4232300E+05 
3.5347443E+00 -5.4697438E+05 
3.5428407E+00 -5.4751981E+05 
3.5509369E+00 -5.3988562E+05 
3.5590332E+00 -5.3973175E+05 
3.5671294E+00 -5.3758056E+05 
3.5752256E+00 -5.3262206E+05 
3.5833220E+00 -5.5933700E+05 
3.5914183E+00 -5.7044075E+05 
3.5995145E+00 -5.6165894E+05 
3.6076107E+00 -5.5971388E+05 
3.6157069E+00 -5.7441344E+05 
3.6238034E+00 -5.8789975E+05 
3.6318996E+00 -5.7686469E+05 
3.6399958E+00 -5.8165875E+05 
3.6480920E+00 -5.8361512E+05 
3.6561882E+00 -5.7442319E+05 
3.6642847E+00 -5.8499838E+05 
3.6723809E+00 -5.8785738E+05 
3.6804771E+00 -6.0780912E+05 
3.6885734E+00 -6.1140900E+05 
3.6966696E+00 -5.9641731E+05 
3.7047660E+00 -6.2479775E+05 
3.7128623E+00 -6.4150606E+05 
3.7209585E+00 -6.3495712E+05 
3.7290547E+00 -6.2642931E+05 
3.7371509E+00 -6.4926669E+05 
3.7452474E+00 -6.7224725E+05 
3.7533436E+00 -6.4740706E+05 
3.7614398E+00 -6.4273844E+05 
3.7695360E+00 -6.5599844E+05 
3.7776325E+00 -6.6667000E+05 
3.7857287E+00 -6.8289694E+05 
3.7938249E+00 -6.7730338E+05 
3.8019211E+00 -6.8679750E+05 
3.8100173E+00 -6.9066325E+05 
3.8181138E+00 -6.7900869E+05 
3.8262100E+00 -6.8866444E+05 
3.8343062E+00 -6.9058069E+05 
3.8424025E+00 -6.9453712E+05 
3.8504987E+00 -7.0164244E+05 
3.8585951E+00 -7.0650962E+05 
3.8666914E+00 -7.2081512E+05 
3.8747876E+00 -7.2009156E+05 
3.8828838E+00 -7.2669212E+05 
3.8909800E+00 -7.4214775E+05 
3.8990765E+00 -7.3383744E+05 
3.9071727E+00 -7.5913238E+05 
3.9152689E+00 -7.4807531E+05 
3.9233651E+00 -7.5342819E+05 
3.9314613E+00 -7.6384544E+05 
3.9395578E+00 -7.7050900E+05 
3.9476540E+00 -7.6724250E+05 
3.9557502E+00 -7.7736962E+05 
3.9638464E+00 -8.0450869E+05 
3.9719427E+00 -7.8766638E+05 
3.9800391E+00 -7.8496944E+05 
3.9881353E+00 -7.9944006E+05 
3.9962316E+00 -8.0182012E+05 
4.0043278E+00 -8.1860438E+05 
4.0124240E+00 -8.1140812E+05 
4.0205202E+00 -7.8851312E+05 
4.0286169E+00 -8.1663481E+05 
4.0367126E+00 -8.3304431E+05 
4.0448093E+00 -8.1986638E+05 
4.0529051E+00 -8.1937688E+05 
4.0610018E+00 -8.2189675E+05 
4.0690980E+00 -8.2013331E+05 
4.0771942E+00 -8.2634900E+05 
4.0852904E+00 -8.2425869E+05 
4.0933867E+00 -8.3084400E+05 
4.1014833E+00 -8.4223975E+05 
4.1095791E+00 -8.5304781E+05 
4.1176758E+00 -8.4256069E+05 
4.1257715E+00 -8.2533944E+05 
4.1338682E+00 -8.3377369E+05 
4.1419644E+00 -8.4142719E+05 
4.1500607E+00 -8.2555031E+05 
4.1581569E+00 -8.3112262E+05 
4.1662531E+00 -8.4438081E+05 
4.1743493E+00 -8.2277375E+05 
4.1824455E+00 -8.1830456E+05 
4.1905417E+00 -8.2311706E+05 
4.1986384E+00 -8.2542081E+05 
4.2067347E+00 -8.2742212E+05 
4.2148309E+00 -8.0694775E+05 
4.2229271E+00 -8.2617900E+05 
4.2310233E+00 -8.2750500E+05 
4.2391195E+00 -8.2130175E+05 
4.2472157E+00 -8.2049350E+05 
4.2553120E+00 -8.2476688E+05 
4.2634082E+00 -8.1275206E+05 
4.2715044E+00 -8.0535519E+05 
4.2796011E+00 -8.2155838E+05 
4.2876973E+00 -7.9442231E+05 
4.2957935E+00 -7.8771212E+05 
4.3038898E+00 -7.8133012E+05 
4.3119860E+00 -7.8444725E+05 
4.3200822E+00 -7.6756775E+05 
4.3281784E+00 -7.7552675E+05 
4.3362746E+00 -7.6399606E+05 
4.3443708E+00 -7.6529819E+05 
4.3524671E+00 -7.7142912E+05 
4.3605638E+00 -7.6140156E+05 
4.3686600E+00 -7.5123338E+05 
4.3767562E+00 -7.4664712E+05 
4.3848524E+00 -7.5440331E+05 
4.3929486E+00 -7.3883638E+05 
4.4010448E+00 -7.2986838E+05 
4.4091411E+00 -7.3140194E+05 
4.4172373E+00 -7.3563975E+05 
4.4253335E+00 -7.2444375E+05 
4.4334297E+00 -7.0375312E+05 
4.4415264E+00 -7.1116750E+05 
4.4496226E+00 -7.1478856E+05 
4.4577188E+00 -7.1348956E+05 
4.4658151E+00 -7.0373194E+05 
4.4739113E+00 -7.0199350E+05 
4.4820075E+00 -7.0564138E+05 
4.4901037E+00 -7.0818925E+05 
4.4981999E+00 -6.8880038E+05 
4.5062962E+00 -6.8664231E+05 
4.5143924E+00 -6.6863469E+05 
4.5224891E+00 -6.4361431E+05 
4.5305853E+00 -6.7447206E+05 
4.5386815E+00 -6.6121912E+05 
4.5467777E+00 -6.4727881E+05 
4.5548739E+00 -6.4194944E+05 
4.5629702E+00 -6.1790500E+05 
4.5710664E+00 -6.4849006E+05 
4.5791626E+00 -6.4363819E+05 
4.5872588E+00 -6.4746594E+05 
4.5953555E+00 -6.5093912E+05 
4.6034517E+00 -6.1952625E+05 
4.6115479E+00 -6.4250819E+05 
4.6196442E+00 -6.1049369E+05 
4.6277404E+00 -6.1357581E+05 
4.6358366E+00 -6.0259325E+05 
4.6439328E+00 -6.1297438E+05 
4.6520290E+00 -6.0708225E+05 
4.6601253E+00 -6.0024788E+05 
4.6682215E+00 -6.0366844E+05 
4.6763182E+00 -5.9903388E+05 
4.6844144E+00 -5.8962719E+05 
4.6925106E+00 -5.7569019E+05 
4.7006068E+00 -5.9568375E+05 
4.7087030E+00 -5.6694606E+05 
4.7167993E+00 -5.3926088E+05 
4.7248955E+00 -5.5829844E+05 
4.7329917E+00 -5.5906681E+05 
4.7410879E+00 -5.3426125E+05 
4.7491841E+00 -5.4049106E+05 
4.7572808E+00 -5.2784212E+05 
4.7653770E+00 -5.1611572E+05 
4.7734733E+00 -5.3938119E+05 
4.7815695E+00 -5.4522344E+05 
4.7896657E+00 -5.1701878E+05 
4.7977619E+00 -5.1769012E+05 
4.8058581E+00 -5.2135078E+05 
4.8139544E+00 -5.1964606E+05 
4.8220506E+00 -5.0805878E+05 
4.8301468E+00 -5.2097134E+05 
4.8382435E+00 -4.9321778E+05 
4.8463397E+00 -5.0707456E+05 
4.8544359E+00 -5.0273966E+05 
4.8625321E+00 -4.8578981E+05 
4.8706284E+00 -4.7833159E+05 
4.8787246E+00 -5.0261203E+05 
4.8868208E+00 -4.9531172E+05 
4.8949170E+00 -4.7432753E+05 
4.9030132E+00 -4.4439047E+05 
4.9111094E+00 -4.6706128E+05 
4.9192061E+00 -4.6443881E+05 
4.9273024E+00 -4.5569369E+05 
4.9353986E+00 -4.6332153E+05 
4.9434948E+00 -4.2124428E+05 
4.9515910E+00 -4.4378247E+05 
4.9596872E+00 -3.9832750E+05 
4.9677835E+00 -3.9246856E+05 
4.9758797E+00 -3.9357453E+05 
4.9839759E+00 -4.2521191E+05 
4.9920721E+00 -3.5129353E+05 
5.0001688E+00 -3.5673884E+05 
5.0082650E+00 -3.8202638E+05 
5.0163612E+00 -4.1233103E+05 
5.0244575E+00 -4.2074309E+05 
5.0325537E+00 -4.2544419E+05 
5.0406499E+00 -4.9873828E+05 
5.0487461E+00 -4.0349994E+05 
5.0568423E+00 -4.6637316E+05 
5.0649385E+00 -4.8664509E+05 
