Q(1/nm) CTAB200_norm_minus_branco1_norm.dat 
1.3431242E-01 1.6686110E+08 
1.4240868E-01 1.5423475E+08 
1.5050495E-01 1.4433698E+08 
1.5860121E-01 1.3684686E+08 
1.6669747E-01 1.3263831E+08 
1.7479375E-01 1.2939468E+08 
1.8289001E-01 1.2773382E+08 
1.9098628E-01 1.2779635E+08 
1.9908255E-01 1.2784471E+08 
2.0717882E-01 1.2968322E+08 
2.1527508E-01 1.3266795E+08 
2.2337136E-01 1.3625949E+08 
2.3146760E-01 1.4100312E+08 
2.3956388E-01 1.4771350E+08 
2.4766015E-01 1.5363542E+08 
2.5575641E-01 1.6041405E+08 
2.6385269E-01 1.6691813E+08 
2.7194893E-01 1.7366840E+08 
2.8004521E-01 1.7920706E+08 
2.8814149E-01 1.8264834E+08 
2.9623777E-01 1.8481531E+08 
3.0433401E-01 1.8483315E+08 
3.1243026E-01 1.8253152E+08 
3.2052654E-01 1.7709283E+08 
3.2862282E-01 1.6856074E+08 
3.3671910E-01 1.5717690E+08 
3.4481534E-01 1.4423238E+08 
3.5291159E-01 1.3026807E+08 
3.6100787E-01 1.1556138E+08 
3.6910415E-01 1.0129614E+08 
3.7720042E-01 8.7615272E+07 
3.8529667E-01 7.5087040E+07 
3.9339295E-01 6.3796936E+07 
4.0148920E-01 5.4223124E+07 
4.0958548E-01 4.5900148E+07 
4.1768175E-01 3.9009232E+07 
4.2577800E-01 3.3845704E+07 
4.3387428E-01 2.9312632E+07 
4.4197056E-01 2.5905238E+07 
4.5006680E-01 2.3070772E+07 
4.5816308E-01 2.1091584E+07 
4.6625933E-01 1.9429352E+07 
4.7435561E-01 1.8312578E+07 
4.8245189E-01 1.7545226E+07 
4.9054813E-01 1.6746234E+07 
4.9864441E-01 1.6047734E+07 
5.0674069E-01 1.5636140E+07 
5.1483691E-01 1.5334097E+07 
5.2293324E-01 1.5321437E+07 
5.3102946E-01 1.5070163E+07 
5.3912574E-01 1.4762662E+07 
5.4722202E-01 1.4927127E+07 
5.5531824E-01 1.4957317E+07 
5.6341457E-01 1.4771460E+07 
5.7151079E-01 1.4743305E+07 
5.7960707E-01 1.4471458E+07 
5.8770335E-01 1.4364622E+07 
5.9579957E-01 1.4134343E+07 
6.0389590E-01 1.3923880E+07 
6.1199212E-01 1.3657982E+07 
6.2008840E-01 1.3219531E+07 
6.2818468E-01 1.2863641E+07 
6.3628095E-01 1.2522283E+07 
6.4437723E-01 1.2013593E+07 
6.5247345E-01 1.1372318E+07 
6.6056973E-01 1.0828115E+07 
6.6866601E-01 1.0326846E+07 
6.7676228E-01 9.7956680E+06 
6.8485856E-01 9.3055630E+06 
6.9295478E-01 8.6493640E+06 
7.0105106E-01 8.2020635E+06 
7.0914733E-01 7.5864445E+06 
7.1724361E-01 7.0364510E+06 
7.2533989E-01 6.4725510E+06 
7.3343617E-01 6.0269830E+06 
7.4153239E-01 5.5823330E+06 
7.4962866E-01 5.2249350E+06 
7.5772494E-01 4.8199110E+06 
7.6582122E-01 4.4736415E+06 
7.7391750E-01 4.1378075E+06 
7.8201371E-01 3.9169242E+06 
7.9010999E-01 3.6779802E+06 
7.9820627E-01 3.4118358E+06 
8.0630255E-01 3.1958050E+06 
8.1439883E-01 3.0349455E+06 
8.2249504E-01 2.9043175E+06 
8.3059132E-01 2.8230942E+06 
8.3868760E-01 2.5911430E+06 
8.4678388E-01 2.4741970E+06 
8.5488015E-01 2.3482358E+06 
8.6297643E-01 2.2046715E+06 
8.7107265E-01 2.1180540E+06 
8.7916893E-01 2.1128390E+06 
8.8726521E-01 2.1008902E+06 
8.9536148E-01 1.9681080E+06 
9.0345776E-01 1.8346076E+06 
9.1155398E-01 1.7744311E+06 
9.1965026E-01 1.7863639E+06 
9.2774653E-01 1.6822629E+06 
9.3584281E-01 1.5843180E+06 
9.4393909E-01 1.5915425E+06 
9.5203531E-01 1.5172815E+06 
9.6013159E-01 1.4533405E+06 
9.6822786E-01 1.3682671E+06 
9.7632414E-01 1.3520378E+06 
9.8442042E-01 1.2804542E+06 
9.9251670E-01 1.2301018E+06 
1.0006130E+00 1.2294054E+06 
1.0087092E+00 1.2142644E+06 
1.0168054E+00 1.2643306E+06 
1.0249017E+00 1.1943098E+06 
1.0329981E+00 1.1195566E+06 
1.0410943E+00 1.1174534E+06 
1.0491905E+00 1.0956865E+06 
1.0572867E+00 1.1052640E+06 
1.0653831E+00 1.1141171E+06 
1.0734794E+00 1.0599830E+06 
1.0815756E+00 1.0294902E+06 
1.0896719E+00 1.0395844E+06 
1.0977681E+00 1.0518598E+06 
1.1058644E+00 1.0440242E+06 
1.1139607E+00 1.0143848E+06 
1.1220570E+00 1.0331752E+06 
1.1301532E+00 1.0503710E+06 
1.1382495E+00 1.0548050E+06 
1.1463457E+00 1.0496996E+06 
1.1544420E+00 9.9627312E+05 
1.1625383E+00 1.0330292E+06 
1.1706345E+00 1.0167972E+06 
1.1787308E+00 1.0304792E+06 
1.1868271E+00 1.0135759E+06 
1.1949233E+00 1.0829799E+06 
1.2030196E+00 1.0914219E+06 
1.2111158E+00 1.0558271E+06 
1.2192122E+00 1.0414929E+06 
1.2273084E+00 1.0676720E+06 
1.2354046E+00 1.1067638E+06 
1.2435009E+00 1.1257479E+06 
1.2515972E+00 1.1224379E+06 
1.2596935E+00 1.0886309E+06 
1.2677897E+00 1.1489051E+06 
1.2758859E+00 1.1548552E+06 
1.2839823E+00 1.0904110E+06 
1.2920785E+00 1.1369334E+06 
1.3001748E+00 1.1773560E+06 
1.3082711E+00 1.1932350E+06 
1.3163674E+00 1.1625859E+06 
1.3244636E+00 1.1767054E+06 
1.3325598E+00 1.2251490E+06 
1.3406562E+00 1.1987999E+06 
1.3487524E+00 1.2373292E+06 
1.3568487E+00 1.2491515E+06 
1.3649449E+00 1.2329140E+06 
1.3730412E+00 1.2399055E+06 
1.3811375E+00 1.2489228E+06 
1.3892337E+00 1.2427358E+06 
1.3973300E+00 1.2711459E+06 
1.4054263E+00 1.3227495E+06 
1.4135225E+00 1.2780796E+06 
1.4216188E+00 1.2677315E+06 
1.4297150E+00 1.3121784E+06 
1.4378114E+00 1.3089152E+06 
1.4459076E+00 1.3181981E+06 
1.4540038E+00 1.3242371E+06 
1.4621001E+00 1.3144472E+06 
1.4701964E+00 1.3280831E+06 
1.4782927E+00 1.3568781E+06 
1.4863889E+00 1.3582380E+06 
1.4944851E+00 1.3836045E+06 
1.5025815E+00 1.4253760E+06 
1.5106777E+00 1.3879974E+06 
1.5187740E+00 1.3961106E+06 
1.5268703E+00 1.3773372E+06 
1.5349665E+00 1.4050961E+06 
1.5430628E+00 1.3954165E+06 
1.5511590E+00 1.3871186E+06 
1.5592554E+00 1.4069216E+06 
1.5673516E+00 1.3803684E+06 
1.5754479E+00 1.3948122E+06 
1.5835441E+00 1.3935656E+06 
1.5916404E+00 1.3823544E+06 
1.5997367E+00 1.3680656E+06 
1.6078329E+00 1.4057268E+06 
1.6159292E+00 1.4145762E+06 
1.6240255E+00 1.4032140E+06 
1.6321217E+00 1.4418484E+06 
1.6402180E+00 1.4019239E+06 
1.6483142E+00 1.4032594E+06 
1.6564106E+00 1.4071251E+06 
1.6645068E+00 1.4057719E+06 
1.6726030E+00 1.4467008E+06 
1.6806993E+00 1.4330489E+06 
1.6887956E+00 1.4177029E+06 
1.6968919E+00 1.4212751E+06 
1.7049881E+00 1.4300938E+06 
1.7130843E+00 1.4116964E+06 
1.7211807E+00 1.3937232E+06 
1.7292769E+00 1.4014310E+06 
1.7373732E+00 1.3750541E+06 
1.7454695E+00 1.4420515E+06 
1.7535657E+00 1.4525618E+06 
1.7616620E+00 1.3817556E+06 
1.7697582E+00 1.3607706E+06 
1.7778546E+00 1.3716516E+06 
1.7859508E+00 1.3606380E+06 
1.7940470E+00 1.3743189E+06 
1.8021433E+00 1.3734032E+06 
1.8102396E+00 1.3444244E+06 
1.8183359E+00 1.3417012E+06 
1.8264321E+00 1.3925312E+06 
1.8345284E+00 1.3912504E+06 
1.8426247E+00 1.3779170E+06 
1.8507209E+00 1.3673529E+06 
1.8588172E+00 1.3233226E+06 
1.8669134E+00 1.3093194E+06 
1.8750098E+00 1.3405494E+06 
1.8831060E+00 1.3395349E+06 
1.8912022E+00 1.3502155E+06 
1.8992985E+00 1.3375570E+06 
1.9073948E+00 1.3417954E+06 
1.9154911E+00 1.3228392E+06 
1.9235873E+00 1.3018728E+06 
1.9316835E+00 1.2960441E+06 
1.9397799E+00 1.3059219E+06 
1.9478761E+00 1.3069028E+06 
1.9559724E+00 1.2801515E+06 
1.9640687E+00 1.2834732E+06 
1.9721649E+00 1.3055920E+06 
1.9802612E+00 1.2760340E+06 
1.9883574E+00 1.2787025E+06 
1.9964538E+00 1.2687256E+06 
2.0045500E+00 1.2786524E+06 
2.0126462E+00 1.2472809E+06 
2.0207424E+00 1.2077631E+06 
2.0288386E+00 1.2179744E+06 
2.0369351E+00 1.2145932E+06 
2.0450313E+00 1.2187452E+06 
2.0531275E+00 1.2021541E+06 
2.0612240E+00 1.1874511E+06 
2.0693202E+00 1.2058360E+06 
2.0774164E+00 1.2014981E+06 
2.0855126E+00 1.2072669E+06 
2.0936089E+00 1.1935626E+06 
2.1017051E+00 1.2006094E+06 
2.1098013E+00 1.1780642E+06 
2.1178977E+00 1.1794325E+06 
2.1259940E+00 1.1903932E+06 
2.1340902E+00 1.1583718E+06 
2.1421864E+00 1.1693371E+06 
2.1502829E+00 1.1755850E+06 
2.1583791E+00 1.1428552E+06 
2.1664753E+00 1.1128804E+06 
2.1745715E+00 1.1295031E+06 
2.1826677E+00 1.1544086E+06 
2.1907642E+00 1.1338714E+06 
2.1988604E+00 1.1443021E+06 
2.2069566E+00 1.1307564E+06 
2.2150528E+00 1.1037579E+06 
2.2231493E+00 1.1102816E+06 
2.2312455E+00 1.1044935E+06 
2.2393417E+00 1.0872714E+06 
2.2474380E+00 1.0895966E+06 
2.2555342E+00 1.0944604E+06 
2.2636306E+00 1.1111484E+06 
2.2717268E+00 1.1003685E+06 
2.2798231E+00 1.1102534E+06 
2.2879193E+00 1.0634792E+06 
2.2960155E+00 1.0909078E+06 
2.3041120E+00 1.0670468E+06 
2.3122082E+00 1.0780931E+06 
2.3203044E+00 1.0964586E+06 
2.3284006E+00 1.0796068E+06 
2.3364968E+00 1.0730568E+06 
2.3445933E+00 1.0735058E+06 
2.3526895E+00 1.0511248E+06 
2.3607857E+00 1.0369866E+06 
2.3688819E+00 1.0209378E+06 
2.3769782E+00 1.0364611E+06 
2.3850746E+00 1.0524426E+06 
2.3931708E+00 1.0767482E+06 
2.4012671E+00 1.0706318E+06 
2.4093633E+00 1.0445351E+06 
2.4174595E+00 1.0671802E+06 
2.4255559E+00 1.0416152E+06 
2.4336522E+00 1.0047217E+06 
2.4417484E+00 1.0256366E+06 
2.4498446E+00 9.9656306E+05 
2.4579408E+00 9.9439512E+05 
2.4660373E+00 9.9451294E+05 
2.4741335E+00 1.0242998E+06 
2.4822297E+00 1.0462808E+06 
2.4903259E+00 9.6484206E+05 
2.4984221E+00 1.0147936E+06 
2.5065186E+00 1.0240456E+06 
2.5146148E+00 9.7386712E+05 
2.5227110E+00 9.7906506E+05 
2.5308073E+00 9.9623369E+05 
2.5389035E+00 1.0049162E+06 
2.5469999E+00 1.0072033E+06 
2.5550961E+00 1.0023458E+06 
2.5631924E+00 9.8756612E+05 
2.5712886E+00 9.8868512E+05 
2.5793848E+00 1.0168831E+06 
2.5874813E+00 1.0255435E+06 
2.5955775E+00 9.9154050E+05 
2.6036737E+00 1.0080708E+06 
2.6117699E+00 1.0091431E+06 
2.6198661E+00 1.0385079E+06 
2.6279626E+00 1.0077149E+06 
2.6360588E+00 9.7935194E+05 
2.6441550E+00 1.0038414E+06 
2.6522512E+00 1.0046714E+06 
2.6603475E+00 9.9850844E+05 
2.6684439E+00 1.0007785E+06 
2.6765401E+00 9.6518319E+05 
2.6846364E+00 9.7940794E+05 
2.6927326E+00 1.0297068E+06 
2.7008288E+00 1.0035374E+06 
2.7089252E+00 9.9347362E+05 
2.7170215E+00 9.7078012E+05 
2.7251177E+00 9.9626188E+05 
2.7332139E+00 9.9435538E+05 
2.7413104E+00 1.0010163E+06 
2.7494066E+00 9.7699125E+05 
2.7575028E+00 9.5337775E+05 
2.7655990E+00 9.1848350E+05 
2.7736952E+00 9.7842681E+05 
2.7817917E+00 9.7884000E+05 
2.7898879E+00 9.2388556E+05 
2.7979841E+00 9.2670156E+05 
2.8060803E+00 9.6787169E+05 
2.8141766E+00 1.0051078E+06 
2.8222730E+00 9.8291981E+05 
2.8303692E+00 1.0001719E+06 
2.8384655E+00 9.5549475E+05 
2.8465617E+00 1.0124232E+06 
2.8546579E+00 9.8501700E+05 
2.8627543E+00 9.9765975E+05 
2.8708506E+00 9.5428794E+05 
2.8789468E+00 9.6411450E+05 
2.8870430E+00 1.0047921E+06 
2.8951392E+00 9.9044812E+05 
2.9032357E+00 9.8479412E+05 
2.9113319E+00 9.5014044E+05 
2.9194281E+00 9.8115156E+05 
2.9275243E+00 9.9818825E+05 
2.9356205E+00 9.8481731E+05 
2.9437170E+00 9.7485769E+05 
2.9518132E+00 9.9726475E+05 
2.9599094E+00 9.9918475E+05 
2.9680057E+00 9.6342938E+05 
2.9761019E+00 9.2399369E+05 
2.9841983E+00 9.6819006E+05 
2.9922945E+00 9.4355281E+05 
3.0003908E+00 9.3711325E+05 
3.0084870E+00 9.6807794E+05 
3.0165832E+00 9.8887206E+05 
3.0246797E+00 1.0274646E+06 
3.0327759E+00 9.9851438E+05 
3.0408721E+00 9.9240869E+05 
3.0489683E+00 9.8097100E+05 
3.0570645E+00 1.0144042E+06 
3.0651610E+00 9.8717175E+05 
3.0732572E+00 1.0302178E+06 
3.0813534E+00 1.0123982E+06 
3.0894496E+00 9.9095100E+05 
3.0975459E+00 9.9848606E+05 
3.1056423E+00 9.9004112E+05 
3.1137385E+00 9.7676900E+05 
3.1218348E+00 9.8212994E+05 
3.1299310E+00 9.3706525E+05 
3.1380272E+00 9.6964569E+05 
3.1461236E+00 1.0264061E+06 
3.1542199E+00 9.6114606E+05 
3.1623161E+00 9.1530675E+05 
3.1704123E+00 9.6103112E+05 
3.1785085E+00 9.7512781E+05 
3.1866050E+00 9.4403950E+05 
3.1947012E+00 9.8635312E+05 
3.2027974E+00 9.8801994E+05 
3.2108936E+00 9.3339700E+05 
3.2189898E+00 9.7932744E+05 
3.2270863E+00 9.9359281E+05 
3.2351825E+00 9.7763125E+05 
3.2432787E+00 1.0010551E+06 
3.2513750E+00 1.0111631E+06 
3.2594714E+00 9.7587031E+05 
3.2675676E+00 1.0022471E+06 
3.2756639E+00 9.9221025E+05 
3.2837601E+00 1.0555409E+06 
3.2918563E+00 9.8711462E+05 
3.2999527E+00 9.4074731E+05 
3.3080490E+00 9.6413288E+05 
3.3161452E+00 9.7580438E+05 
3.3242414E+00 9.3663031E+05 
3.3323376E+00 9.5218275E+05 
3.3404341E+00 9.9092619E+05 
3.3485303E+00 1.0016279E+06 
3.3566265E+00 1.0205853E+06 
3.3647227E+00 1.0422798E+06 
3.3728189E+00 1.0246340E+06 
3.3809154E+00 9.8217794E+05 
3.3890116E+00 9.2716119E+05 
3.3971078E+00 9.0534038E+05 
3.4052041E+00 9.9344000E+05 
3.4133003E+00 1.0169390E+06 
3.4213967E+00 9.6803844E+05 
3.4294930E+00 9.7521706E+05 
3.4375892E+00 9.7388444E+05 
3.4456854E+00 9.6955144E+05 
3.4537816E+00 9.1515400E+05 
3.4618781E+00 9.5292712E+05 
3.4699743E+00 9.8408725E+05 
3.4780705E+00 9.5602075E+05 
3.4861667E+00 9.7179788E+05 
3.4942629E+00 9.5157419E+05 
3.5023594E+00 9.5649712E+05 
3.5104556E+00 9.8733612E+05 
3.5185518E+00 9.8049112E+05 
3.5266480E+00 9.7420862E+05 
3.5347443E+00 9.5725844E+05 
3.5428407E+00 9.4941169E+05 
3.5509369E+00 1.0037138E+06 
3.5590332E+00 9.5883650E+05 
3.5671294E+00 9.6634512E+05 
3.5752256E+00 9.7002450E+05 
3.5833220E+00 1.0269065E+06 
3.5914183E+00 9.9667856E+05 
3.5995145E+00 9.8630238E+05 
3.6076107E+00 9.9217138E+05 
3.6157069E+00 9.8229862E+05 
3.6238034E+00 9.8964038E+05 
3.6318996E+00 9.8783706E+05 
3.6399958E+00 9.6321006E+05 
3.6480920E+00 9.4777419E+05 
3.6561882E+00 9.7022631E+05 
3.6642847E+00 9.5859638E+05 
3.6723809E+00 9.6266644E+05 
3.6804771E+00 9.6726712E+05 
3.6885734E+00 9.8562806E+05 
3.6966696E+00 1.0134008E+06 
3.7047660E+00 9.9896319E+05 
3.7128623E+00 9.7529850E+05 
3.7209585E+00 9.6158056E+05 
3.7290547E+00 9.8616788E+05 
3.7371509E+00 9.7093956E+05 
3.7452474E+00 9.5233281E+05 
3.7533436E+00 9.4475912E+05 
3.7614398E+00 9.8658225E+05 
3.7695360E+00 9.8042300E+05 
3.7776325E+00 9.6139538E+05 
3.7857287E+00 9.9635375E+05 
3.7938249E+00 9.9100194E+05 
3.8019211E+00 9.7083162E+05 
3.8100173E+00 1.0141229E+06 
3.8181138E+00 9.9755525E+05 
3.8262100E+00 9.5505831E+05 
3.8343062E+00 9.5785256E+05 
3.8424025E+00 9.7292081E+05 
3.8504987E+00 9.9362300E+05 
3.8585951E+00 9.7357512E+05 
3.8666914E+00 9.9415019E+05 
3.8747876E+00 9.6956294E+05 
3.8828838E+00 9.6983812E+05 
3.8909800E+00 9.2233375E+05 
3.8990765E+00 9.4209888E+05 
3.9071727E+00 9.4191506E+05 
3.9152689E+00 9.5105119E+05 
3.9233651E+00 9.5839281E+05 
3.9314613E+00 9.5454556E+05 
3.9395578E+00 9.5447431E+05 
3.9476540E+00 9.7067594E+05 
3.9557502E+00 1.0161544E+06 
3.9638464E+00 1.0099237E+06 
3.9719427E+00 9.9808131E+05 
3.9800391E+00 9.7599219E+05 
3.9881353E+00 9.9941806E+05 
3.9962316E+00 9.7047375E+05 
4.0043278E+00 9.4841675E+05 
4.0124240E+00 9.6740056E+05 
4.0205202E+00 1.0200039E+06 
4.0286169E+00 9.7183981E+05 
4.0367126E+00 9.7768069E+05 
4.0448093E+00 9.7238619E+05 
4.0529051E+00 9.7779781E+05 
4.0610018E+00 9.7628950E+05 
4.0690980E+00 1.0031054E+06 
4.0771942E+00 1.0038222E+06 
4.0852904E+00 9.9348819E+05 
4.0933867E+00 9.9889731E+05 
4.1014833E+00 9.9471706E+05 
4.1095791E+00 9.8069906E+05 
4.1176758E+00 9.5736631E+05 
4.1257715E+00 1.0149046E+06 
4.1338682E+00 9.9176756E+05 
4.1419644E+00 1.0123178E+06 
4.1500607E+00 1.0092786E+06 
4.1581569E+00 1.0055468E+06 
4.1662531E+00 9.5685319E+05 
4.1743493E+00 9.3806538E+05 
4.1824455E+00 9.8597462E+05 
4.1905417E+00 1.0065096E+06 
4.1986384E+00 9.5479038E+05 
4.2067347E+00 9.9776319E+05 
4.2148309E+00 9.7176631E+05 
4.2229271E+00 1.0178603E+06 
4.2310233E+00 1.0078544E+06 
4.2391195E+00 9.8367600E+05 
4.2472157E+00 1.0021879E+06 
4.2553120E+00 1.0314995E+06 
4.2634082E+00 1.0172101E+06 
4.2715044E+00 9.8791800E+05 
4.2796011E+00 9.9216288E+05 
4.2876973E+00 1.0155586E+06 
4.2957935E+00 9.7762394E+05 
4.3038898E+00 1.0136488E+06 
4.3119860E+00 9.9709344E+05 
4.3200822E+00 1.0225968E+06 
4.3281784E+00 1.0407879E+06 
4.3362746E+00 1.0315574E+06 
4.3443708E+00 9.9414019E+05 
4.3524671E+00 1.0053455E+06 
4.3605638E+00 1.0440191E+06 
4.3686600E+00 1.0289196E+06 
4.3767562E+00 1.0103808E+06 
4.3848524E+00 1.0450612E+06 
4.3929486E+00 1.0200025E+06 
4.4010448E+00 1.0450876E+06 
4.4091411E+00 1.0032658E+06 
4.4172373E+00 1.0269249E+06 
4.4253335E+00 1.0239234E+06 
4.4334297E+00 1.0102812E+06 
4.4415264E+00 1.0046708E+06 
4.4496226E+00 1.0286060E+06 
4.4577188E+00 1.0416738E+06 
4.4658151E+00 1.0189117E+06 
4.4739113E+00 1.0139449E+06 
4.4820075E+00 9.6385006E+05 
4.4901037E+00 9.6495012E+05 
4.4981999E+00 1.0207348E+06 
4.5062962E+00 1.0035022E+06 
4.5143924E+00 1.0124046E+06 
4.5224891E+00 1.0449786E+06 
4.5305853E+00 9.9136075E+05 
4.5386815E+00 1.0085506E+06 
4.5467777E+00 1.0347853E+06 
4.5548739E+00 1.0016494E+06 
4.5629702E+00 1.0211238E+06 
4.5710664E+00 1.0068538E+06 
4.5791626E+00 1.0284511E+06 
4.5872588E+00 1.0098264E+06 
4.5953555E+00 1.0526249E+06 
4.6034517E+00 9.8906588E+05 
4.6115479E+00 9.8418219E+05 
4.6196442E+00 1.0035355E+06 
4.6277404E+00 1.0229955E+06 
4.6358366E+00 9.8025400E+05 
4.6439328E+00 1.0249922E+06 
4.6520290E+00 1.0405222E+06 
4.6601253E+00 1.0538774E+06 
4.6682215E+00 1.0079639E+06 
4.6763182E+00 1.0380188E+06 
4.6844144E+00 1.0321321E+06 
4.6925106E+00 9.8503412E+05 
4.7006068E+00 1.0017264E+06 
4.7087030E+00 1.0224801E+06 
4.7167993E+00 1.0798098E+06 
4.7248955E+00 1.0478781E+06 
4.7329917E+00 1.0575015E+06 
4.7410879E+00 1.0340389E+06 
4.7491841E+00 1.0007196E+06 
4.7572808E+00 1.0325224E+06 
4.7653770E+00 1.0566369E+06 
4.7734733E+00 1.0406454E+06 
4.7815695E+00 1.0274914E+06 
4.7896657E+00 1.0373314E+06 
4.7977619E+00 1.0002340E+06 
4.8058581E+00 1.0511544E+06 
4.8139544E+00 1.0181044E+06 
4.8220506E+00 1.0195857E+06 
4.8301468E+00 1.0162206E+06 
4.8382435E+00 1.0037424E+06 
4.8463397E+00 1.0311090E+06 
4.8544359E+00 1.0312994E+06 
4.8625321E+00 1.0104773E+06 
4.8706284E+00 1.0200995E+06 
4.8787246E+00 1.0060110E+06 
4.8868208E+00 1.0879908E+06 
4.8949170E+00 1.0323805E+06 
4.9030132E+00 1.1108141E+06 
4.9111094E+00 1.0607122E+06 
4.9192061E+00 1.0365326E+06 
4.9273024E+00 1.0092759E+06 
4.9353986E+00 1.0118291E+06 
4.9434948E+00 1.0325437E+06 
4.9515910E+00 1.0361030E+06 
4.9596872E+00 9.5924531E+05 
4.9677835E+00 9.7441212E+05 
4.9758797E+00 1.0910392E+06 
4.9839759E+00 9.7473669E+05 
4.9920721E+00 9.7779381E+05 
5.0001688E+00 1.1042545E+06 
5.0082650E+00 1.0496196E+06 
5.0163612E+00 1.1146144E+06 
5.0244575E+00 1.1105359E+06 
5.0325537E+00 1.0406646E+06 
5.0406499E+00 1.0638838E+06 
5.0487461E+00 9.4412562E+05 
5.0568423E+00 9.5824325E+05 
5.0649385E+00 1.6038811E+06 
