Q(1/nm) DTAB300_norm_minus_branco1_norm.dat 
1.3431242E-01 5.4835060E+07 
1.4240868E-01 4.7249240E+07 
1.5050495E-01 4.1742720E+07 
1.5860121E-01 3.5286040E+07 
1.6669747E-01 3.1065738E+07 
1.7479375E-01 2.7850074E+07 
1.8289001E-01 2.5137546E+07 
1.9098628E-01 2.2669818E+07 
1.9908255E-01 2.0536498E+07 
2.0717882E-01 1.8966368E+07 
2.1527508E-01 1.7582018E+07 
2.2337136E-01 1.6119756E+07 
2.3146760E-01 1.5450331E+07 
2.3956388E-01 1.4434045E+07 
2.4766015E-01 1.3793275E+07 
2.5575641E-01 1.3147410E+07 
2.6385269E-01 1.2505999E+07 
2.7194893E-01 1.2131916E+07 
2.8004521E-01 1.1700266E+07 
2.8814149E-01 1.1006585E+07 
2.9623777E-01 1.1076856E+07 
3.0433401E-01 1.0923168E+07 
3.1243026E-01 1.0804414E+07 
3.2052654E-01 1.0294348E+07 
3.2862282E-01 1.0558859E+07 
3.3671910E-01 1.0329901E+07 
3.4481534E-01 1.0214306E+07 
3.5291159E-01 1.0348984E+07 
3.6100787E-01 1.0511785E+07 
3.6910415E-01 1.0989781E+07 
3.7720042E-01 1.1409523E+07 
3.8529667E-01 1.1911337E+07 
3.9339295E-01 1.2821921E+07 
4.0148920E-01 1.3976074E+07 
4.0958548E-01 1.5868779E+07 
4.1768175E-01 1.8415276E+07 
4.2577800E-01 2.2601430E+07 
4.3387428E-01 2.8744380E+07 
4.4197056E-01 4.0470260E+07 
4.5006680E-01 6.1654308E+07 
4.5816308E-01 1.0612936E+08 
4.6625933E-01 1.9573382E+08 
4.7435561E-01 3.0692048E+08 
4.8245189E-01 3.6868074E+08 
4.9054813E-01 3.0471517E+08 
4.9864441E-01 1.8130464E+08 
5.0674069E-01 9.9887280E+07 
5.1483691E-01 5.5300184E+07 
5.2293324E-01 3.2141788E+07 
5.3102946E-01 2.0022748E+07 
5.3912574E-01 1.3518253E+07 
5.4722202E-01 1.0006075E+07 
5.5531824E-01 7.8814050E+06 
5.6341457E-01 6.6724890E+06 
5.7151079E-01 5.8223145E+06 
5.7960707E-01 5.1912160E+06 
5.8770335E-01 4.7070165E+06 
5.9579957E-01 4.3139865E+06 
6.0389590E-01 4.0465922E+06 
6.1199212E-01 3.9295970E+06 
6.2008840E-01 3.7763115E+06 
6.2818468E-01 3.6967068E+06 
6.3628095E-01 3.4555258E+06 
6.4437723E-01 3.3206082E+06 
6.5247345E-01 3.2613620E+06 
6.6056973E-01 3.2466130E+06 
6.6866601E-01 3.2110735E+06 
6.7676228E-01 3.0965602E+06 
6.8485856E-01 3.0511520E+06 
6.9295478E-01 2.9722235E+06 
7.0105106E-01 2.9522558E+06 
7.0914733E-01 2.9778770E+06 
7.1724361E-01 2.9002150E+06 
7.2533989E-01 2.8778485E+06 
7.3343617E-01 2.7970092E+06 
7.4153239E-01 2.8165742E+06 
7.4962866E-01 2.9112292E+06 
7.5772494E-01 2.7603765E+06 
7.6582122E-01 2.6486328E+06 
7.7391750E-01 2.7130525E+06 
7.8201371E-01 2.8394045E+06 
7.9010999E-01 2.8252698E+06 
7.9820627E-01 2.7530625E+06 
8.0630255E-01 2.6990995E+06 
8.1439883E-01 2.7240315E+06 
8.2249504E-01 2.7399390E+06 
8.3059132E-01 2.7540288E+06 
8.3868760E-01 2.7798125E+06 
8.4678388E-01 2.7632650E+06 
8.5488015E-01 2.7879225E+06 
8.6297643E-01 2.8743650E+06 
8.7107265E-01 2.8157220E+06 
8.7916893E-01 2.9387808E+06 
8.8726521E-01 3.0247612E+06 
8.9536148E-01 3.1706010E+06 
9.0345776E-01 3.3538155E+06 
9.1155398E-01 3.5678748E+06 
9.1965026E-01 3.8736910E+06 
9.2774653E-01 4.3707335E+06 
9.3584281E-01 5.2623660E+06 
9.4393909E-01 7.2770310E+06 
9.5203531E-01 1.0571956E+07 
9.6013159E-01 1.5018940E+07 
9.6822786E-01 1.7801608E+07 
9.7632414E-01 1.6151807E+07 
9.8442042E-01 1.1665786E+07 
9.9251670E-01 7.6861600E+06 
1.0006130E+00 5.2752090E+06 
1.0087092E+00 3.9239745E+06 
1.0168054E+00 3.2746938E+06 
1.0249017E+00 2.8292780E+06 
1.0329981E+00 2.6161405E+06 
1.0410943E+00 2.4206722E+06 
1.0491905E+00 2.3959732E+06 
1.0572867E+00 2.2946878E+06 
1.0653831E+00 2.2866558E+06 
1.0734794E+00 2.2640950E+06 
1.0815756E+00 2.2389278E+06 
1.0896719E+00 2.1492990E+06 
1.0977681E+00 2.0991890E+06 
1.1058644E+00 2.1024670E+06 
1.1139607E+00 2.1381595E+06 
1.1220570E+00 2.0682878E+06 
1.1301532E+00 2.0374082E+06 
1.1382495E+00 2.0143485E+06 
1.1463457E+00 2.0023139E+06 
1.1544420E+00 2.0257748E+06 
1.1625383E+00 2.0801962E+06 
1.1706345E+00 2.0170498E+06 
1.1787308E+00 1.9807461E+06 
1.1868271E+00 1.9572459E+06 
1.1949233E+00 1.8948785E+06 
1.2030196E+00 1.9144364E+06 
1.2111158E+00 1.9494821E+06 
1.2192122E+00 1.9574804E+06 
1.2273084E+00 1.8984374E+06 
1.2354046E+00 1.8221898E+06 
1.2435009E+00 1.8457978E+06 
1.2515972E+00 1.8955379E+06 
1.2596935E+00 1.9315461E+06 
1.2677897E+00 1.8748704E+06 
1.2758859E+00 1.8977218E+06 
1.2839823E+00 1.8767701E+06 
1.2920785E+00 1.8780155E+06 
1.3001748E+00 1.9134982E+06 
1.3082711E+00 1.9169026E+06 
1.3163674E+00 1.8778184E+06 
1.3244636E+00 1.8740978E+06 
1.3325598E+00 1.9263545E+06 
1.3406562E+00 1.8657692E+06 
1.3487524E+00 1.8539944E+06 
1.3568487E+00 1.9011805E+06 
1.3649449E+00 1.8819295E+06 
1.3730412E+00 1.7633618E+06 
1.3811375E+00 1.8144239E+06 
1.3892337E+00 1.8320799E+06 
1.3973300E+00 1.8053096E+06 
1.4054263E+00 1.8210114E+06 
1.4135225E+00 1.8313096E+06 
1.4216188E+00 1.8300839E+06 
1.4297150E+00 1.8256766E+06 
1.4378114E+00 1.8618439E+06 
1.4459076E+00 1.9357682E+06 
1.4540038E+00 1.9812069E+06 
1.4621001E+00 2.0289145E+06 
1.4701964E+00 2.0284501E+06 
1.4782927E+00 1.9237930E+06 
1.4863889E+00 1.8487855E+06 
1.4944851E+00 1.8372781E+06 
1.5025815E+00 1.8111110E+06 
1.5106777E+00 1.8297210E+06 
1.5187740E+00 1.8021596E+06 
1.5268703E+00 1.7752329E+06 
1.5349665E+00 1.6998299E+06 
1.5430628E+00 1.7125888E+06 
1.5511590E+00 1.7067902E+06 
1.5592554E+00 1.7444860E+06 
1.5673516E+00 1.7516742E+06 
1.5754479E+00 1.7592969E+06 
1.5835441E+00 1.6742204E+06 
1.5916404E+00 1.7359469E+06 
1.5997367E+00 1.7154671E+06 
1.6078329E+00 1.7109131E+06 
1.6159292E+00 1.7147754E+06 
1.6240255E+00 1.6779306E+06 
1.6321217E+00 1.6898836E+06 
1.6402180E+00 1.7329364E+06 
1.6483142E+00 1.7171944E+06 
1.6564106E+00 1.6936489E+06 
1.6645068E+00 1.6919291E+06 
1.6726030E+00 1.6478188E+06 
1.6806993E+00 1.6601646E+06 
1.6887956E+00 1.6778888E+06 
1.6968919E+00 1.6619981E+06 
1.7049881E+00 1.6699016E+06 
1.7130843E+00 1.6880989E+06 
1.7211807E+00 1.7196466E+06 
1.7292769E+00 1.6402170E+06 
1.7373732E+00 1.6261861E+06 
1.7454695E+00 1.6542388E+06 
1.7535657E+00 1.6925588E+06 
1.7616620E+00 1.6656639E+06 
1.7697582E+00 1.6626518E+06 
1.7778546E+00 1.6325745E+06 
1.7859508E+00 1.6975645E+06 
1.7940470E+00 1.6847890E+06 
1.8021433E+00 1.6848390E+06 
1.8102396E+00 1.6608406E+06 
1.8183359E+00 1.6987709E+06 
1.8264321E+00 1.6866201E+06 
1.8345284E+00 1.7139309E+06 
1.8426247E+00 1.7346401E+06 
1.8507209E+00 1.7113204E+06 
1.8588172E+00 1.6338736E+06 
1.8669134E+00 1.7097832E+06 
1.8750098E+00 1.7662799E+06 
1.8831060E+00 1.7770529E+06 
1.8912022E+00 1.8682735E+06 
1.8992985E+00 1.9381439E+06 
1.9073948E+00 2.0703519E+06 
1.9154911E+00 2.2606288E+06 
1.9235873E+00 2.4364482E+06 
1.9316835E+00 2.7999602E+06 
1.9397799E+00 3.1411922E+06 
1.9478761E+00 3.2074822E+06 
1.9559724E+00 3.1192982E+06 
1.9640687E+00 2.7589090E+06 
1.9721649E+00 2.4776642E+06 
1.9802612E+00 2.2504270E+06 
1.9883574E+00 2.0706111E+06 
1.9964538E+00 1.9282565E+06 
2.0045500E+00 1.8863018E+06 
2.0126462E+00 1.8348951E+06 
2.0207424E+00 1.7923091E+06 
2.0288386E+00 1.7416129E+06 
2.0369351E+00 1.7350145E+06 
2.0450313E+00 1.6785928E+06 
2.0531275E+00 1.7290999E+06 
2.0612240E+00 1.6425270E+06 
2.0693202E+00 1.5978520E+06 
2.0774164E+00 1.6325871E+06 
2.0855126E+00 1.6849189E+06 
2.0936089E+00 1.6244181E+06 
2.1017051E+00 1.6164232E+06 
2.1098013E+00 1.6303816E+06 
2.1178977E+00 1.6782806E+06 
2.1259940E+00 1.6302744E+06 
2.1340902E+00 1.6149640E+06 
2.1421864E+00 1.6612654E+06 
2.1502829E+00 1.6585586E+06 
2.1583791E+00 1.6359674E+06 
2.1664753E+00 1.6161848E+06 
2.1745715E+00 1.6378374E+06 
2.1826677E+00 1.6171842E+06 
2.1907642E+00 1.6674341E+06 
2.1988604E+00 1.6571850E+06 
2.2069566E+00 1.6348609E+06 
2.2150528E+00 1.6084799E+06 
2.2231493E+00 1.6147950E+06 
2.2312455E+00 1.6218978E+06 
2.2393417E+00 1.5927682E+06 
2.2474380E+00 1.6223285E+06 
2.2555342E+00 1.5931421E+06 
2.2636306E+00 1.5950812E+06 
2.2717268E+00 1.6649886E+06 
2.2798231E+00 1.6685571E+06 
2.2879193E+00 1.6337196E+06 
2.2960155E+00 1.6325302E+06 
2.3041120E+00 1.6704234E+06 
2.3122082E+00 1.6864245E+06 
2.3203044E+00 1.6703498E+06 
2.3284006E+00 1.7047408E+06 
2.3364968E+00 1.6628942E+06 
2.3445933E+00 1.7012129E+06 
2.3526895E+00 1.7692138E+06 
2.3607857E+00 1.7797890E+06 
2.3688819E+00 1.7695159E+06 
2.3769782E+00 1.8300999E+06 
2.3850746E+00 1.8803656E+06 
2.3931708E+00 1.9803738E+06 
2.4012671E+00 2.1560510E+06 
2.4093633E+00 2.3667958E+06 
2.4174595E+00 2.5817570E+06 
2.4255559E+00 2.8260530E+06 
2.4336522E+00 2.9112500E+06 
2.4417484E+00 2.7473720E+06 
2.4498446E+00 2.5767775E+06 
2.4579408E+00 2.2853118E+06 
2.4660373E+00 2.1124802E+06 
2.4741335E+00 2.0068548E+06 
2.4822297E+00 1.8517760E+06 
2.4903259E+00 1.7501611E+06 
2.4984221E+00 1.6838495E+06 
2.5065186E+00 1.6695354E+06 
2.5146148E+00 1.6725030E+06 
2.5227110E+00 1.6227791E+06 
2.5308073E+00 1.6171696E+06 
2.5389035E+00 1.5878415E+06 
2.5469999E+00 1.6278614E+06 
2.5550961E+00 1.5518179E+06 
2.5631924E+00 1.5038822E+06 
2.5712886E+00 1.5703059E+06 
2.5793848E+00 1.5206169E+06 
2.5874813E+00 1.5068588E+06 
2.5955775E+00 1.4933445E+06 
2.6036737E+00 1.5105278E+06 
2.6117699E+00 1.5296015E+06 
2.6198661E+00 1.5139479E+06 
2.6279626E+00 1.4410802E+06 
2.6360588E+00 1.4111390E+06 
2.6441550E+00 1.4662945E+06 
2.6522512E+00 1.4785789E+06 
2.6603475E+00 1.4744518E+06 
2.6684439E+00 1.4545320E+06 
2.6765401E+00 1.4422642E+06 
2.6846364E+00 1.4438796E+06 
2.6927326E+00 1.4462796E+06 
2.7008288E+00 1.4596989E+06 
2.7089252E+00 1.4587199E+06 
2.7170215E+00 1.4584030E+06 
2.7251177E+00 1.5090718E+06 
2.7332139E+00 1.4205836E+06 
2.7413104E+00 1.4179190E+06 
2.7494066E+00 1.4059441E+06 
2.7575028E+00 1.3870432E+06 
2.7655990E+00 1.4025118E+06 
2.7736952E+00 1.4484632E+06 
2.7817917E+00 1.4335251E+06 
2.7898879E+00 1.3783475E+06 
2.7979841E+00 1.4347985E+06 
2.8060803E+00 1.4168750E+06 
2.8141766E+00 1.4223232E+06 
2.8222730E+00 1.4407946E+06 
2.8303692E+00 1.3975608E+06 
2.8384655E+00 1.4174415E+06 
2.8465617E+00 1.4381426E+06 
2.8546579E+00 1.4523502E+06 
2.8627543E+00 1.4621586E+06 
2.8708506E+00 1.4300024E+06 
2.8789468E+00 1.5192389E+06 
2.8870430E+00 1.4781112E+06 
2.8951392E+00 1.5074056E+06 
2.9032357E+00 1.5224375E+06 
2.9113319E+00 1.5467436E+06 
2.9194281E+00 1.5588934E+06 
2.9275243E+00 1.5794159E+06 
2.9356205E+00 1.5330212E+06 
2.9437170E+00 1.5147914E+06 
2.9518132E+00 1.5100948E+06 
2.9599094E+00 1.4427051E+06 
2.9680057E+00 1.4677495E+06 
2.9761019E+00 1.4389532E+06 
2.9841983E+00 1.3505314E+06 
2.9922945E+00 1.3731925E+06 
3.0003908E+00 1.3416948E+06 
3.0084870E+00 1.3617979E+06 
3.0165832E+00 1.3506484E+06 
3.0246797E+00 1.3772621E+06 
3.0327759E+00 1.3752690E+06 
3.0408721E+00 1.3876620E+06 
3.0489683E+00 1.3860360E+06 
3.0570645E+00 1.3318470E+06 
3.0651610E+00 1.3524458E+06 
3.0732572E+00 1.3863556E+06 
3.0813534E+00 1.3484101E+06 
3.0894496E+00 1.3532020E+06 
3.0975459E+00 1.3935458E+06 
3.1056423E+00 1.3601515E+06 
3.1137385E+00 1.3132944E+06 
3.1218348E+00 1.3682544E+06 
3.1299310E+00 1.3007375E+06 
3.1380272E+00 1.2783880E+06 
3.1461236E+00 1.3097900E+06 
3.1542199E+00 1.3507870E+06 
3.1623161E+00 1.3239786E+06 
3.1704123E+00 1.3335676E+06 
3.1785085E+00 1.2868335E+06 
3.1866050E+00 1.3216840E+06 
3.1947012E+00 1.3475096E+06 
3.2027974E+00 1.2561762E+06 
3.2108936E+00 1.2336984E+06 
3.2189898E+00 1.2852178E+06 
3.2270863E+00 1.3082024E+06 
3.2351825E+00 1.3318628E+06 
3.2432787E+00 1.3157800E+06 
3.2513750E+00 1.2606286E+06 
3.2594714E+00 1.2382842E+06 
3.2675676E+00 1.2635358E+06 
3.2756639E+00 1.3257546E+06 
3.2837601E+00 1.2587338E+06 
3.2918563E+00 1.3035885E+06 
3.2999527E+00 1.2692219E+06 
3.3080490E+00 1.2710791E+06 
3.3161452E+00 1.2748714E+06 
3.3242414E+00 1.3014578E+06 
3.3323376E+00 1.2685349E+06 
3.3404341E+00 1.2575831E+06 
3.3485303E+00 1.1918975E+06 
3.3566265E+00 1.2397130E+06 
3.3647227E+00 1.2786749E+06 
3.3728189E+00 1.2816409E+06 
3.3809154E+00 1.3165165E+06 
3.3890116E+00 1.2549740E+06 
3.3971078E+00 1.3033282E+06 
3.4052041E+00 1.2916898E+06 
3.4133003E+00 1.2800455E+06 
3.4213967E+00 1.2795930E+06 
3.4294930E+00 1.2804784E+06 
3.4375892E+00 1.2937944E+06 
3.4456854E+00 1.2667481E+06 
3.4537816E+00 1.2824148E+06 
3.4618781E+00 1.2922749E+06 
3.4699743E+00 1.2466984E+06 
3.4780705E+00 1.2717470E+06 
3.4861667E+00 1.2995241E+06 
3.4942629E+00 1.2831552E+06 
3.5023594E+00 1.2676082E+06 
3.5104556E+00 1.2607702E+06 
3.5185518E+00 1.2461529E+06 
3.5266480E+00 1.3033810E+06 
3.5347443E+00 1.2619982E+06 
3.5428407E+00 1.2403655E+06 
3.5509369E+00 1.2304412E+06 
3.5590332E+00 1.2865338E+06 
3.5671294E+00 1.3013108E+06 
3.5752256E+00 1.3148966E+06 
3.5833220E+00 1.2920146E+06 
3.5914183E+00 1.2780845E+06 
3.5995145E+00 1.3206148E+06 
3.6076107E+00 1.3353689E+06 
3.6157069E+00 1.2621010E+06 
3.6238034E+00 1.2534564E+06 
3.6318996E+00 1.2782829E+06 
3.6399958E+00 1.2805640E+06 
3.6480920E+00 1.2372619E+06 
3.6561882E+00 1.2864524E+06 
3.6642847E+00 1.2437646E+06 
3.6723809E+00 1.2343980E+06 
3.6804771E+00 1.2225701E+06 
3.6885734E+00 1.2387685E+06 
3.6966696E+00 1.2898289E+06 
3.7047660E+00 1.2663784E+06 
3.7128623E+00 1.2573286E+06 
3.7209585E+00 1.2280751E+06 
3.7290547E+00 1.2374342E+06 
3.7371509E+00 1.2131630E+06 
3.7452474E+00 1.2018535E+06 
3.7533436E+00 1.2150262E+06 
3.7614398E+00 1.2534814E+06 
3.7695360E+00 1.2256714E+06 
3.7776325E+00 1.2932460E+06 
3.7857287E+00 1.2800040E+06 
3.7938249E+00 1.2890979E+06 
3.8019211E+00 1.2210229E+06 
3.8100173E+00 1.2592468E+06 
3.8181138E+00 1.2748162E+06 
3.8262100E+00 1.2897350E+06 
3.8343062E+00 1.2533164E+06 
3.8424025E+00 1.2263454E+06 
3.8504987E+00 1.2871439E+06 
3.8585951E+00 1.2794259E+06 
3.8666914E+00 1.2546220E+06 
3.8747876E+00 1.2970611E+06 
3.8828838E+00 1.2998484E+06 
3.8909800E+00 1.2359789E+06 
3.8990765E+00 1.2609666E+06 
3.9071727E+00 1.2333115E+06 
3.9152689E+00 1.2006336E+06 
3.9233651E+00 1.2378192E+06 
3.9314613E+00 1.2379874E+06 
3.9395578E+00 1.2425461E+06 
3.9476540E+00 1.2276975E+06 
3.9557502E+00 1.2429030E+06 
3.9638464E+00 1.2140906E+06 
3.9719427E+00 1.2364309E+06 
3.9800391E+00 1.2393392E+06 
3.9881353E+00 1.2363459E+06 
3.9962316E+00 1.2421290E+06 
4.0043278E+00 1.2265315E+06 
4.0124240E+00 1.2211065E+06 
4.0205202E+00 1.1962491E+06 
4.0286169E+00 1.2012704E+06 
4.0367126E+00 1.2423746E+06 
4.0448093E+00 1.2052058E+06 
4.0529051E+00 1.2712090E+06 
4.0610018E+00 1.2987105E+06 
4.0690980E+00 1.2878134E+06 
4.0771942E+00 1.2929116E+06 
4.0852904E+00 1.2439839E+06 
4.0933867E+00 1.2499304E+06 
4.1014833E+00 1.2731074E+06 
4.1095791E+00 1.2433874E+06 
4.1176758E+00 1.2532182E+06 
4.1257715E+00 1.2365731E+06 
4.1338682E+00 1.2732975E+06 
4.1419644E+00 1.2393148E+06 
4.1500607E+00 1.2470605E+06 
4.1581569E+00 1.2315466E+06 
4.1662531E+00 1.2687509E+06 
4.1743493E+00 1.2055842E+06 
4.1824455E+00 1.2400814E+06 
4.1905417E+00 1.2605331E+06 
4.1986384E+00 1.2219612E+06 
4.2067347E+00 1.2271520E+06 
4.2148309E+00 1.2151201E+06 
4.2229271E+00 1.1777735E+06 
4.2310233E+00 1.2168408E+06 
4.2391195E+00 1.2329910E+06 
4.2472157E+00 1.2582088E+06 
4.2553120E+00 1.2324095E+06 
4.2634082E+00 1.2588502E+06 
4.2715044E+00 1.2163018E+06 
4.2796011E+00 1.2451134E+06 
4.2876973E+00 1.2806586E+06 
4.2957935E+00 1.2852856E+06 
4.3038898E+00 1.2063821E+06 
4.3119860E+00 1.1970490E+06 
4.3200822E+00 1.2268149E+06 
4.3281784E+00 1.2176234E+06 
4.3362746E+00 1.2259019E+06 
4.3443708E+00 1.2327050E+06 
4.3524671E+00 1.2453218E+06 
4.3605638E+00 1.2543526E+06 
4.3686600E+00 1.2232695E+06 
4.3767562E+00 1.2384618E+06 
4.3848524E+00 1.2556271E+06 
4.3929486E+00 1.2365999E+06 
4.4010448E+00 1.3191806E+06 
4.4091411E+00 1.3243726E+06 
4.4172373E+00 1.2631251E+06 
4.4253335E+00 1.2639929E+06 
4.4334297E+00 1.2746989E+06 
4.4415264E+00 1.2709216E+06 
4.4496226E+00 1.2765248E+06 
4.4577188E+00 1.2937386E+06 
4.4658151E+00 1.2774389E+06 
4.4739113E+00 1.2168235E+06 
4.4820075E+00 1.2060322E+06 
4.4901037E+00 1.2172345E+06 
4.4981999E+00 1.1985501E+06 
4.5062962E+00 1.2433424E+06 
4.5143924E+00 1.2586974E+06 
4.5224891E+00 1.2952885E+06 
4.5305853E+00 1.2949674E+06 
4.5386815E+00 1.2839482E+06 
4.5467777E+00 1.2424591E+06 
4.5548739E+00 1.3096461E+06 
4.5629702E+00 1.2565619E+06 
4.5710664E+00 1.2287028E+06 
4.5791626E+00 1.3058178E+06 
4.5872588E+00 1.2535109E+06 
4.5953555E+00 1.2648578E+06 
4.6034517E+00 1.2637752E+06 
4.6115479E+00 1.2531218E+06 
4.6196442E+00 1.3305140E+06 
4.6277404E+00 1.3162172E+06 
4.6358366E+00 1.2419122E+06 
4.6439328E+00 1.2485008E+06 
4.6520290E+00 1.2381822E+06 
4.6601253E+00 1.2448594E+06 
4.6682215E+00 1.2139082E+06 
4.6763182E+00 1.2150718E+06 
4.6844144E+00 1.2815429E+06 
4.6925106E+00 1.2610066E+06 
4.7006068E+00 1.2574918E+06 
4.7087030E+00 1.2590531E+06 
4.7167993E+00 1.1924636E+06 
4.7248955E+00 1.2884879E+06 
4.7329917E+00 1.3507369E+06 
4.7410879E+00 1.3339089E+06 
4.7491841E+00 1.2865082E+06 
4.7572808E+00 1.2574965E+06 
4.7653770E+00 1.2928192E+06 
4.7734733E+00 1.2840666E+06 
4.7815695E+00 1.3461966E+06 
4.7896657E+00 1.2801365E+06 
4.7977619E+00 1.2771060E+06 
4.8058581E+00 1.2274644E+06 
4.8139544E+00 1.3079830E+06 
4.8220506E+00 1.2954248E+06 
4.8301468E+00 1.3430874E+06 
4.8382435E+00 1.3383039E+06 
4.8463397E+00 1.2391212E+06 
4.8544359E+00 1.2630742E+06 
4.8625321E+00 1.2993632E+06 
4.8706284E+00 1.2878586E+06 
4.8787246E+00 1.2400984E+06 
4.8868208E+00 1.2870392E+06 
4.8949170E+00 1.3390266E+06 
4.9030132E+00 1.3041945E+06 
4.9111094E+00 1.2803408E+06 
4.9192061E+00 1.2797226E+06 
4.9273024E+00 1.2800868E+06 
4.9353986E+00 1.3005548E+06 
4.9434948E+00 1.2715909E+06 
4.9515910E+00 1.2504214E+06 
4.9596872E+00 1.3198470E+06 
4.9677835E+00 1.2364328E+06 
4.9758797E+00 1.2427742E+06 
4.9839759E+00 1.2383496E+06 
4.9920721E+00 1.2456275E+06 
5.0001688E+00 1.2444680E+06 
5.0082650E+00 1.2892786E+06 
5.0163612E+00 1.3274391E+06 
5.0244575E+00 1.2344906E+06 
5.0325537E+00 1.2520362E+06 
5.0406499E+00 1.1735234E+06 
5.0487461E+00 1.0682949E+06 
5.0568423E+00 7.8061431E+05 
5.0649385E+00 5.9800956E+05 
