Q(1/nm) MG2_norm_minus_branco1_norm.dat 
1.3431242E-01 1.6407362E+08 
1.4240868E-01 1.4643043E+08 
1.5050495E-01 1.2782654E+08 
1.5860121E-01 1.1323549E+08 
1.6669747E-01 1.0042202E+08 
1.7479375E-01 9.0687296E+07 
1.8289001E-01 8.1965328E+07 
1.9098628E-01 7.5065712E+07 
1.9908255E-01 6.8996760E+07 
2.0717882E-01 6.3754140E+07 
2.1527508E-01 5.8689700E+07 
2.2337136E-01 5.4600760E+07 
2.3146760E-01 5.1535852E+07 
2.3956388E-01 4.8349824E+07 
2.4766015E-01 4.6149880E+07 
2.5575641E-01 4.3877852E+07 
2.6385269E-01 4.1699116E+07 
2.7194893E-01 3.9930536E+07 
2.8004521E-01 3.8398880E+07 
2.8814149E-01 3.6593152E+07 
2.9623777E-01 3.5876404E+07 
3.0433401E-01 3.4705896E+07 
3.1243026E-01 3.3477432E+07 
3.2052654E-01 3.2878822E+07 
3.2862282E-01 3.1880456E+07 
3.3671910E-01 3.0951750E+07 
3.4481534E-01 3.0726862E+07 
3.5291159E-01 3.0180190E+07 
3.6100787E-01 2.9758742E+07 
3.6910415E-01 2.9724966E+07 
3.7720042E-01 2.9211514E+07 
3.8529667E-01 2.9116596E+07 
3.9339295E-01 2.9150512E+07 
4.0148920E-01 2.9108454E+07 
4.0958548E-01 2.9172942E+07 
4.1768175E-01 2.9440492E+07 
4.2577800E-01 2.9463674E+07 
4.3387428E-01 2.9871712E+07 
4.4197056E-01 3.0200404E+07 
4.5006680E-01 3.0591576E+07 
4.5816308E-01 3.1086000E+07 
4.6625933E-01 3.1804228E+07 
4.7435561E-01 3.2479832E+07 
4.8245189E-01 3.2913248E+07 
4.9054813E-01 3.3161470E+07 
4.9864441E-01 3.2967026E+07 
5.0674069E-01 3.2635178E+07 
5.1483691E-01 3.1717320E+07 
5.2293324E-01 3.0355562E+07 
5.3102946E-01 2.8742268E+07 
5.3912574E-01 2.6698996E+07 
5.4722202E-01 2.4251052E+07 
5.5531824E-01 2.2051786E+07 
5.6341457E-01 1.9934348E+07 
5.7151079E-01 1.7934128E+07 
5.7960707E-01 1.5862132E+07 
5.8770335E-01 1.3939390E+07 
5.9579957E-01 1.2477460E+07 
6.0389590E-01 1.1148937E+07 
6.1199212E-01 9.8879190E+06 
6.2008840E-01 8.7776530E+06 
6.2818468E-01 7.8643585E+06 
6.3628095E-01 7.1450655E+06 
6.4437723E-01 6.4460180E+06 
6.5247345E-01 5.7910325E+06 
6.6056973E-01 5.4185095E+06 
6.6866601E-01 5.0038725E+06 
6.7676228E-01 4.5939000E+06 
6.8485856E-01 4.3229570E+06 
6.9295478E-01 3.9542552E+06 
7.0105106E-01 3.7050630E+06 
7.0914733E-01 3.5647975E+06 
7.1724361E-01 3.3006030E+06 
7.2533989E-01 3.0608152E+06 
7.3343617E-01 2.9498208E+06 
7.4153239E-01 2.8619118E+06 
7.4962866E-01 2.7446678E+06 
7.5772494E-01 2.6467928E+06 
7.6582122E-01 2.6092170E+06 
7.7391750E-01 2.4591598E+06 
7.8201371E-01 2.3873700E+06 
7.9010999E-01 2.2811918E+06 
7.9820627E-01 2.1664110E+06 
8.0630255E-01 2.1069378E+06 
8.1439883E-01 2.0486289E+06 
8.2249504E-01 2.0689730E+06 
8.3059132E-01 2.0396094E+06 
8.3868760E-01 1.9149352E+06 
8.4678388E-01 1.8906851E+06 
8.5488015E-01 1.8306368E+06 
8.6297643E-01 1.7881814E+06 
8.7107265E-01 1.7670524E+06 
8.7916893E-01 1.7746155E+06 
8.8726521E-01 1.7686901E+06 
8.9536148E-01 1.7064614E+06 
9.0345776E-01 1.6559101E+06 
9.1155398E-01 1.5947155E+06 
9.1965026E-01 1.6135248E+06 
9.2774653E-01 1.5655555E+06 
9.3584281E-01 1.5194756E+06 
9.4393909E-01 1.5150509E+06 
9.5203531E-01 1.5133048E+06 
9.6013159E-01 1.5386618E+06 
9.6822786E-01 1.4992470E+06 
9.7632414E-01 1.4857165E+06 
9.8442042E-01 1.4212496E+06 
9.9251670E-01 1.3598052E+06 
1.0006130E+00 1.3225231E+06 
1.0087092E+00 1.3449041E+06 
1.0168054E+00 1.3677896E+06 
1.0249017E+00 1.3046529E+06 
1.0329981E+00 1.2742490E+06 
1.0410943E+00 1.2564810E+06 
1.0491905E+00 1.2352390E+06 
1.0572867E+00 1.2606016E+06 
1.0653831E+00 1.2507322E+06 
1.0734794E+00 1.2373085E+06 
1.0815756E+00 1.2740266E+06 
1.0896719E+00 1.2460225E+06 
1.0977681E+00 1.2027244E+06 
1.1058644E+00 1.2392165E+06 
1.1139607E+00 1.2288846E+06 
1.1220570E+00 1.1979685E+06 
1.1301532E+00 1.2625656E+06 
1.1382495E+00 1.2738619E+06 
1.1463457E+00 1.1893681E+06 
1.1544420E+00 1.1990469E+06 
1.1625383E+00 1.2024120E+06 
1.1706345E+00 1.1924024E+06 
1.1787308E+00 1.2555592E+06 
1.1868271E+00 1.2397760E+06 
1.1949233E+00 1.2057019E+06 
1.2030196E+00 1.2331954E+06 
1.2111158E+00 1.2602320E+06 
1.2192122E+00 1.2635012E+06 
1.2273084E+00 1.2364364E+06 
1.2354046E+00 1.2146454E+06 
1.2435009E+00 1.2719240E+06 
1.2515972E+00 1.2710841E+06 
1.2596935E+00 1.2723091E+06 
1.2677897E+00 1.2478542E+06 
1.2758859E+00 1.3138546E+06 
1.2839823E+00 1.2973754E+06 
1.2920785E+00 1.2808559E+06 
1.3001748E+00 1.2612816E+06 
1.3082711E+00 1.2188774E+06 
1.3163674E+00 1.3400062E+06 
1.3244636E+00 1.3736971E+06 
1.3325598E+00 1.3530420E+06 
1.3406562E+00 1.3730191E+06 
1.3487524E+00 1.3146278E+06 
1.3568487E+00 1.2738359E+06 
1.3649449E+00 1.3117691E+06 
1.3730412E+00 1.2889400E+06 
1.3811375E+00 1.3447266E+06 
1.3892337E+00 1.3877686E+06 
1.3973300E+00 1.3582844E+06 
1.4054263E+00 1.3715108E+06 
1.4135225E+00 1.3804386E+06 
1.4216188E+00 1.4020844E+06 
1.4297150E+00 1.3913079E+06 
1.4378114E+00 1.3920324E+06 
1.4459076E+00 1.4308552E+06 
1.4540038E+00 1.4638836E+06 
1.4621001E+00 1.4335231E+06 
1.4701964E+00 1.5200501E+06 
1.4782927E+00 1.4512684E+06 
1.4863889E+00 1.4684431E+06 
1.4944851E+00 1.5086741E+06 
1.5025815E+00 1.5208166E+06 
1.5106777E+00 1.5553246E+06 
1.5187740E+00 1.5802435E+06 
1.5268703E+00 1.5615131E+06 
1.5349665E+00 1.5838195E+06 
1.5430628E+00 1.6101986E+06 
1.5511590E+00 1.5657126E+06 
1.5592554E+00 1.5616849E+06 
1.5673516E+00 1.5415835E+06 
1.5754479E+00 1.5607522E+06 
1.5835441E+00 1.5696588E+06 
1.5916404E+00 1.5858149E+06 
1.5997367E+00 1.6219238E+06 
1.6078329E+00 1.6128601E+06 
1.6159292E+00 1.5682549E+06 
1.6240255E+00 1.5670155E+06 
1.6321217E+00 1.5197864E+06 
1.6402180E+00 1.5294710E+06 
1.6483142E+00 1.5391305E+06 
1.6564106E+00 1.5490954E+06 
1.6645068E+00 1.5119992E+06 
1.6726030E+00 1.4998865E+06 
1.6806993E+00 1.5660869E+06 
1.6887956E+00 1.5408230E+06 
1.6968919E+00 1.5402624E+06 
1.7049881E+00 1.5384811E+06 
1.7130843E+00 1.5148868E+06 
1.7211807E+00 1.5618338E+06 
1.7292769E+00 1.5491844E+06 
1.7373732E+00 1.5283700E+06 
1.7454695E+00 1.5543686E+06 
1.7535657E+00 1.5366720E+06 
1.7616620E+00 1.5154549E+06 
1.7697582E+00 1.5273961E+06 
1.7778546E+00 1.5244416E+06 
1.7859508E+00 1.4545341E+06 
1.7940470E+00 1.4671795E+06 
1.8021433E+00 1.4922765E+06 
1.8102396E+00 1.4498141E+06 
1.8183359E+00 1.4585928E+06 
1.8264321E+00 1.4508711E+06 
1.8345284E+00 1.4667056E+06 
1.8426247E+00 1.5034605E+06 
1.8507209E+00 1.4655978E+06 
1.8588172E+00 1.4578910E+06 
1.8669134E+00 1.4474696E+06 
1.8750098E+00 1.4696961E+06 
1.8831060E+00 1.4535781E+06 
1.8912022E+00 1.4324394E+06 
1.8992985E+00 1.4606328E+06 
1.9073948E+00 1.4667362E+06 
1.9154911E+00 1.4464639E+06 
1.9235873E+00 1.4368444E+06 
1.9316835E+00 1.3943136E+06 
1.9397799E+00 1.4101365E+06 
1.9478761E+00 1.4199864E+06 
1.9559724E+00 1.4246100E+06 
1.9640687E+00 1.4245629E+06 
1.9721649E+00 1.4288380E+06 
1.9802612E+00 1.4388588E+06 
1.9883574E+00 1.4121815E+06 
1.9964538E+00 1.4091715E+06 
2.0045500E+00 1.4345041E+06 
2.0126462E+00 1.4215461E+06 
2.0207424E+00 1.4438671E+06 
2.0288386E+00 1.4524991E+06 
2.0369351E+00 1.4552234E+06 
2.0450313E+00 1.4091638E+06 
2.0531275E+00 1.4159106E+06 
2.0612240E+00 1.3839931E+06 
2.0693202E+00 1.4092925E+06 
2.0774164E+00 1.3744259E+06 
2.0855126E+00 1.4072498E+06 
2.0936089E+00 1.4024578E+06 
2.1017051E+00 1.4180991E+06 
2.1098013E+00 1.4078145E+06 
2.1178977E+00 1.3926139E+06 
2.1259940E+00 1.3994949E+06 
2.1340902E+00 1.3513418E+06 
2.1421864E+00 1.3323035E+06 
2.1502829E+00 1.3699250E+06 
2.1583791E+00 1.3350882E+06 
2.1664753E+00 1.3540399E+06 
2.1745715E+00 1.3461632E+06 
2.1826677E+00 1.3138105E+06 
2.1907642E+00 1.3359970E+06 
2.1988604E+00 1.3512381E+06 
2.2069566E+00 1.3064806E+06 
2.2150528E+00 1.3295372E+06 
2.2231493E+00 1.3019132E+06 
2.2312455E+00 1.2940986E+06 
2.2393417E+00 1.2917560E+06 
2.2474380E+00 1.3019902E+06 
2.2555342E+00 1.3014860E+06 
2.2636306E+00 1.2960771E+06 
2.2717268E+00 1.2832128E+06 
2.2798231E+00 1.2689189E+06 
2.2879193E+00 1.2858425E+06 
2.2960155E+00 1.2827569E+06 
2.3041120E+00 1.2940588E+06 
2.3122082E+00 1.2258230E+06 
2.3203044E+00 1.2253589E+06 
2.3284006E+00 1.2384315E+06 
2.3364968E+00 1.2303245E+06 
2.3445933E+00 1.2617359E+06 
2.3526895E+00 1.2756301E+06 
2.3607857E+00 1.2716414E+06 
2.3688819E+00 1.2752292E+06 
2.3769782E+00 1.2245490E+06 
2.3850746E+00 1.1959361E+06 
2.3931708E+00 1.2666975E+06 
2.4012671E+00 1.1976986E+06 
2.4093633E+00 1.1742566E+06 
2.4174595E+00 1.2200152E+06 
2.4255559E+00 1.2459640E+06 
2.4336522E+00 1.2395881E+06 
2.4417484E+00 1.2086021E+06 
2.4498446E+00 1.2231279E+06 
2.4579408E+00 1.1941119E+06 
2.4660373E+00 1.1984962E+06 
2.4741335E+00 1.2108118E+06 
2.4822297E+00 1.2312545E+06 
2.4903259E+00 1.1873352E+06 
2.4984221E+00 1.1784921E+06 
2.5065186E+00 1.2418792E+06 
2.5146148E+00 1.1806619E+06 
2.5227110E+00 1.1314478E+06 
2.5308073E+00 1.1660596E+06 
2.5389035E+00 1.2178742E+06 
2.5469999E+00 1.2075981E+06 
2.5550961E+00 1.1743520E+06 
2.5631924E+00 1.2001730E+06 
2.5712886E+00 1.1794922E+06 
2.5793848E+00 1.1683560E+06 
2.5874813E+00 1.1941184E+06 
2.5955775E+00 1.1995738E+06 
2.6036737E+00 1.1899864E+06 
2.6117699E+00 1.1372199E+06 
2.6198661E+00 1.1411818E+06 
2.6279626E+00 1.1721712E+06 
2.6360588E+00 1.1774120E+06 
2.6441550E+00 1.1746425E+06 
2.6522512E+00 1.1856394E+06 
2.6603475E+00 1.1787010E+06 
2.6684439E+00 1.1520539E+06 
2.6765401E+00 1.1824284E+06 
2.6846364E+00 1.1612778E+06 
2.6927326E+00 1.1756435E+06 
2.7008288E+00 1.1400095E+06 
2.7089252E+00 1.1540784E+06 
2.7170215E+00 1.1452999E+06 
2.7251177E+00 1.1418750E+06 
2.7332139E+00 1.1826728E+06 
2.7413104E+00 1.1968061E+06 
2.7494066E+00 1.1676354E+06 
2.7575028E+00 1.1878822E+06 
2.7655990E+00 1.1472119E+06 
2.7736952E+00 1.1764278E+06 
2.7817917E+00 1.1483974E+06 
2.7898879E+00 1.1625481E+06 
2.7979841E+00 1.1639105E+06 
2.8060803E+00 1.1826566E+06 
2.8141766E+00 1.1637520E+06 
2.8222730E+00 1.1460002E+06 
2.8303692E+00 1.1534622E+06 
2.8384655E+00 1.1593551E+06 
2.8465617E+00 1.1868230E+06 
2.8546579E+00 1.1590009E+06 
2.8627543E+00 1.1389492E+06 
2.8708506E+00 1.1269232E+06 
2.8789468E+00 1.1564636E+06 
2.8870430E+00 1.1683740E+06 
2.8951392E+00 1.1607465E+06 
2.9032357E+00 1.1716462E+06 
2.9113319E+00 1.1680871E+06 
2.9194281E+00 1.1949758E+06 
2.9275243E+00 1.1425974E+06 
2.9356205E+00 1.1169869E+06 
2.9437170E+00 1.1767018E+06 
2.9518132E+00 1.1824446E+06 
2.9599094E+00 1.1673869E+06 
2.9680057E+00 1.1639219E+06 
2.9761019E+00 1.1216550E+06 
2.9841983E+00 1.1175929E+06 
2.9922945E+00 1.1246420E+06 
3.0003908E+00 1.1303020E+06 
3.0084870E+00 1.1351448E+06 
3.0165832E+00 1.1603019E+06 
3.0246797E+00 1.2107152E+06 
3.0327759E+00 1.1970258E+06 
3.0408721E+00 1.1190575E+06 
3.0489683E+00 1.1145611E+06 
3.0570645E+00 1.1811004E+06 
3.0651610E+00 1.1758651E+06 
3.0732572E+00 1.1608186E+06 
3.0813534E+00 1.1242934E+06 
3.0894496E+00 1.1734192E+06 
3.0975459E+00 1.1657372E+06 
3.1056423E+00 1.2082394E+06 
3.1137385E+00 1.1299729E+06 
3.1218348E+00 1.1593374E+06 
3.1299310E+00 1.1891082E+06 
3.1380272E+00 1.1964248E+06 
3.1461236E+00 1.1787681E+06 
3.1542199E+00 1.1230769E+06 
3.1623161E+00 1.1507282E+06 
3.1704123E+00 1.2051888E+06 
3.1785085E+00 1.2225571E+06 
3.1866050E+00 1.1297275E+06 
3.1947012E+00 1.1103478E+06 
3.2027974E+00 1.1294904E+06 
3.2108936E+00 1.1797755E+06 
3.2189898E+00 1.1577871E+06 
3.2270863E+00 1.1651549E+06 
3.2351825E+00 1.1398844E+06 
3.2432787E+00 1.1748352E+06 
3.2513750E+00 1.1498760E+06 
3.2594714E+00 1.1530870E+06 
3.2675676E+00 1.1851594E+06 
3.2756639E+00 1.2279088E+06 
3.2837601E+00 1.1636994E+06 
3.2918563E+00 1.1304661E+06 
3.2999527E+00 1.1283325E+06 
3.3080490E+00 1.1471526E+06 
3.3161452E+00 1.2155969E+06 
3.3242414E+00 1.1954686E+06 
3.3323376E+00 1.1839222E+06 
3.3404341E+00 1.1459124E+06 
3.3485303E+00 1.1510518E+06 
3.3566265E+00 1.1432171E+06 
3.3647227E+00 1.1973228E+06 
3.3728189E+00 1.1213329E+06 
3.3809154E+00 1.1387785E+06 
3.3890116E+00 1.0876161E+06 
3.3971078E+00 1.1016415E+06 
3.4052041E+00 1.1388408E+06 
3.4133003E+00 1.0920348E+06 
3.4213967E+00 1.1138970E+06 
3.4294930E+00 1.1688665E+06 
3.4375892E+00 1.1807721E+06 
3.4456854E+00 1.1173465E+06 
3.4537816E+00 1.1080005E+06 
3.4618781E+00 1.1268452E+06 
3.4699743E+00 1.1327304E+06 
3.4780705E+00 1.1019024E+06 
3.4861667E+00 1.1485056E+06 
3.4942629E+00 1.1569846E+06 
3.5023594E+00 1.1575386E+06 
3.5104556E+00 1.1706136E+06 
3.5185518E+00 1.1126558E+06 
3.5266480E+00 1.1518475E+06 
3.5347443E+00 1.1538614E+06 
3.5428407E+00 1.1426298E+06 
3.5509369E+00 1.1766614E+06 
3.5590332E+00 1.1919595E+06 
3.5671294E+00 1.1970130E+06 
3.5752256E+00 1.1320386E+06 
3.5833220E+00 1.1417714E+06 
3.5914183E+00 1.1653196E+06 
3.5995145E+00 1.1599976E+06 
3.6076107E+00 1.1372410E+06 
3.6157069E+00 1.1472810E+06 
3.6238034E+00 1.1260646E+06 
3.6318996E+00 1.1668059E+06 
3.6399958E+00 1.1707491E+06 
3.6480920E+00 1.1626942E+06 
3.6561882E+00 1.1747482E+06 
3.6642847E+00 1.1742566E+06 
3.6723809E+00 1.1297626E+06 
3.6804771E+00 1.1095398E+06 
3.6885734E+00 1.1631168E+06 
3.6966696E+00 1.1745196E+06 
3.7047660E+00 1.1306338E+06 
3.7128623E+00 1.1528210E+06 
3.7209585E+00 1.1420304E+06 
3.7290547E+00 1.1389009E+06 
3.7371509E+00 1.1350771E+06 
3.7452474E+00 1.1487898E+06 
3.7533436E+00 1.1953875E+06 
3.7614398E+00 1.1711755E+06 
3.7695360E+00 1.1703358E+06 
3.7776325E+00 1.1518109E+06 
3.7857287E+00 1.1255189E+06 
3.7938249E+00 1.1758369E+06 
3.8019211E+00 1.1821864E+06 
3.8100173E+00 1.1748840E+06 
3.8181138E+00 1.1515935E+06 
3.8262100E+00 1.1693102E+06 
3.8343062E+00 1.1286019E+06 
3.8424025E+00 1.1192246E+06 
3.8504987E+00 1.1497848E+06 
3.8585951E+00 1.1603185E+06 
3.8666914E+00 1.1572586E+06 
3.8747876E+00 1.1382458E+06 
3.8828838E+00 1.1344622E+06 
3.8909800E+00 1.1206258E+06 
3.8990765E+00 1.1669805E+06 
3.9071727E+00 1.1553426E+06 
3.9152689E+00 1.1814184E+06 
3.9233651E+00 1.1493351E+06 
3.9314613E+00 1.1097785E+06 
3.9395578E+00 1.1758552E+06 
3.9476540E+00 1.1767221E+06 
3.9557502E+00 1.1263435E+06 
3.9638464E+00 1.1586774E+06 
3.9719427E+00 1.1465678E+06 
3.9800391E+00 1.1083172E+06 
3.9881353E+00 1.1155868E+06 
3.9962316E+00 1.1691561E+06 
4.0043278E+00 1.1704192E+06 
4.0124240E+00 1.1335025E+06 
4.0205202E+00 1.1592118E+06 
4.0286169E+00 1.1191981E+06 
4.0367126E+00 1.1518992E+06 
4.0448093E+00 1.0983984E+06 
4.0529051E+00 1.1699638E+06 
4.0610018E+00 1.1769711E+06 
4.0690980E+00 1.1788568E+06 
4.0771942E+00 1.1794610E+06 
4.0852904E+00 1.1418254E+06 
4.0933867E+00 1.1696642E+06 
4.1014833E+00 1.1299194E+06 
4.1095791E+00 1.1373135E+06 
4.1176758E+00 1.1138108E+06 
4.1257715E+00 1.1618616E+06 
4.1338682E+00 1.1472081E+06 
4.1419644E+00 1.1476020E+06 
4.1500607E+00 1.1743036E+06 
4.1581569E+00 1.1724435E+06 
4.1662531E+00 1.1093855E+06 
4.1743493E+00 1.1085592E+06 
4.1824455E+00 1.1690129E+06 
4.1905417E+00 1.1545385E+06 
4.1986384E+00 1.1312324E+06 
4.2067347E+00 1.1479274E+06 
4.2148309E+00 1.1770818E+06 
4.2229271E+00 1.1173309E+06 
4.2310233E+00 1.1080165E+06 
4.2391195E+00 1.1511204E+06 
4.2472157E+00 1.2134284E+06 
4.2553120E+00 1.1445564E+06 
4.2634082E+00 1.1659450E+06 
4.2715044E+00 1.1427055E+06 
4.2796011E+00 1.1711944E+06 
4.2876973E+00 1.1360242E+06 
4.2957935E+00 1.1635810E+06 
4.3038898E+00 1.2279541E+06 
4.3119860E+00 1.1904342E+06 
4.3200822E+00 1.1598026E+06 
4.3281784E+00 1.1627398E+06 
4.3362746E+00 1.1905909E+06 
4.3443708E+00 1.1813192E+06 
4.3524671E+00 1.1570810E+06 
4.3605638E+00 1.1984474E+06 
4.3686600E+00 1.2060748E+06 
4.3767562E+00 1.1333511E+06 
4.3848524E+00 1.1656200E+06 
4.3929486E+00 1.1974660E+06 
4.4010448E+00 1.1838644E+06 
4.4091411E+00 1.2054078E+06 
4.4172373E+00 1.1173245E+06 
4.4253335E+00 1.1364726E+06 
4.4334297E+00 1.1839504E+06 
4.4415264E+00 1.2266512E+06 
4.4496226E+00 1.1407854E+06 
4.4577188E+00 1.1716099E+06 
4.4658151E+00 1.2121982E+06 
4.4739113E+00 1.2069139E+06 
4.4820075E+00 1.2145942E+06 
4.4901037E+00 1.1612474E+06 
4.4981999E+00 1.2024731E+06 
4.5062962E+00 1.2326715E+06 
4.5143924E+00 1.1742722E+06 
4.5224891E+00 1.1964412E+06 
4.5305853E+00 1.1494964E+06 
4.5386815E+00 1.1998612E+06 
4.5467777E+00 1.1991681E+06 
4.5548739E+00 1.2012878E+06 
4.5629702E+00 1.2122946E+06 
4.5710664E+00 1.1670992E+06 
4.5791626E+00 1.1837308E+06 
4.5872588E+00 1.1675938E+06 
4.5953555E+00 1.1610674E+06 
4.6034517E+00 1.1833914E+06 
4.6115479E+00 1.1877628E+06 
4.6196442E+00 1.1758289E+06 
4.6277404E+00 1.1941106E+06 
4.6358366E+00 1.2087868E+06 
4.6439328E+00 1.1395370E+06 
4.6520290E+00 1.1663126E+06 
4.6601253E+00 1.2338560E+06 
4.6682215E+00 1.1780134E+06 
4.6763182E+00 1.1346762E+06 
4.6844144E+00 1.1620926E+06 
4.6925106E+00 1.1592062E+06 
4.7006068E+00 1.1524609E+06 
4.7087030E+00 1.1530028E+06 
4.7167993E+00 1.2367126E+06 
4.7248955E+00 1.2107046E+06 
4.7329917E+00 1.1242899E+06 
4.7410879E+00 1.1806300E+06 
4.7491841E+00 1.2294551E+06 
4.7572808E+00 1.1632970E+06 
4.7653770E+00 1.1647205E+06 
4.7734733E+00 1.2639425E+06 
4.7815695E+00 1.2121524E+06 
4.7896657E+00 1.1696392E+06 
4.7977619E+00 1.2228966E+06 
4.8058581E+00 1.1773238E+06 
4.8139544E+00 1.2044725E+06 
4.8220506E+00 1.2220852E+06 
4.8301468E+00 1.1629805E+06 
4.8382435E+00 1.2296776E+06 
4.8463397E+00 1.2186939E+06 
4.8544359E+00 1.1661089E+06 
4.8625321E+00 1.1402372E+06 
4.8706284E+00 1.2329914E+06 
4.8787246E+00 1.2205991E+06 
4.8868208E+00 1.1955242E+06 
4.8949170E+00 1.1891730E+06 
4.9030132E+00 1.2287866E+06 
4.9111094E+00 1.2591104E+06 
4.9192061E+00 1.2474119E+06 
4.9273024E+00 1.2628782E+06 
4.9353986E+00 1.1834805E+06 
4.9434948E+00 1.2097518E+06 
4.9515910E+00 1.1702161E+06 
4.9596872E+00 1.2219206E+06 
4.9677835E+00 1.2185386E+06 
4.9758797E+00 1.1877955E+06 
4.9839759E+00 1.1974644E+06 
4.9920721E+00 1.1377159E+06 
5.0001688E+00 1.2188301E+06 
5.0082650E+00 1.2505852E+06 
5.0163612E+00 1.2862484E+06 
5.0244575E+00 1.1106698E+06 
5.0325537E+00 1.3386532E+06 
5.0406499E+00 1.1984596E+06 
5.0487461E+00 1.0806131E+06 
5.0568423E+00 1.4708596E+06 
5.0649385E+00 1.5906084E+06 
