nothing special
nothing special
273
0.0232465 0.0389366667 0.04431502581743709
0.0325451 0.02241275 0.013732151049878443
0.0418437 0.015972875 0.0073614338178271425
0.0511423 0.010957749999999999 0.004506944183684199
0.0604409 0.009222525 0.0030702866253829522
0.0697395 0.007889741666999999 0.002248688509268895
0.079038 0.007135629167 0.0016392535181465045
0.0883366 0.006715379166999999 0.0013357516024155385
0.0976352 0.00472075 0.0011101868417633907
0.106934 0.0036268000000000003 0.0009426972940843061
0.116232 0.0038277208330000003 0.0008405704874235587
0.125531 0.004762799999999999 0.0007808007432606615
0.13483 0.004947983333 0.0007231696550692493
0.144128 0.004354665 0.000663835871383203
0.153427 0.0036475104167 0.0006096554049435305
0.162725 0.0037275754167000004 0.0005792208758645302
0.172024 0.0040867741667 0.0005607042923807896
0.181323 0.0040895941667 0.0005373984839375938
0.190621 0.0041786483333 0.0005188532759072298
0.19992 0.0038108633333 0.0004945537465816805
0.209218 0.0039651266667 0.00048136488949947567
0.218517 0.00420454 0.0004715762832363762
0.227816 0.0040235770833 0.00045708602398604844
0.237114 0.0040664854167 0.0004460037732872104
0.246413 0.004326824999999999 0.00043888315635127133
0.255711 0.00411916375 0.0004266275901888632
0.26501 0.0038383004167000002 0.0004128595217069491
0.274309 0.0036766075 0.0004013373271743024
0.283607 0.0034946562500000004 0.00039168966654090317
0.292906 0.00324600625 0.00038039759822832385
0.302204 0.0034308100000000003 0.0003764364026640828
0.311503 0.0037367554167 0.00037505927439363446
0.320802 0.00389260125 0.00037189784558954884
0.3301 0.0039981425 0.00036667912935018905
0.339399 0.0038526316667000004 0.0003585068699499503
0.348697 0.0037554891667 0.00035303179014939976
0.357996 0.0038804254167 0.0003503193811473783
0.367294 0.0039250345832999994 0.0003457557880067359
0.376593 0.0031755229167 0.0003307064111746798
0.385892 0.0033280587499999997 0.00032881190276128297
0.39519 0.0034742133333 0.00032671342325898414
0.404489 0.0036684516667 0.00032490218639812156
0.413787 0.0038764233333 0.00032368665687200623
0.423086 0.0039923791667 0.0003212494532150244
0.432385 0.003974695 0.0003174395838652875
0.441683 0.0036319370832999997 0.0003100991080532453
0.450982 0.0037102412500000003 0.0003083787752035062
0.46028 0.00399344875 0.00030801977383729034
0.469579 0.00407699125 0.0003053502226126828
0.478878 0.00376632875 0.0002984370668417893
0.488176 0.00375375 0.0002954570037599061
0.497475 0.004088542083299999 0.00029650954576334405
0.506773 0.0039135116667000005 0.00029164622804366013
0.516072 0.0035427266667000003 0.0002843913623568405
0.525371 0.0037574570833 0.00028424408042751503
0.534669 0.00365250125 0.00028035996126759405
0.543968 0.0036581187499999997 0.0002783073637321396
0.553266 0.0039980966667 0.0002800450680065938
0.562565 0.0037898291667 0.0002752050086494111
0.571864 0.0040071341667 0.0002755304892153882
0.581162 0.0035913166666999997 0.000268893797891349
0.590461 0.0037883204167 0.0002687313307110961
0.599759 0.0036847520833 0.0002657886675231454
0.609058 0.0038731070833000003 0.00026540794668241025
0.618357 0.0034429008333 0.0002583943263489571
0.627655 0.0036397287499999997 0.00025848106418723086
0.636954 0.0037639562500000005 0.00025758220805984573
0.646252 0.0039200179167 0.0002573652129932579
0.655551 0.00394019625 0.0002558997313863454
0.664849 0.003940125833299999 0.0002538863173679222
0.674148 0.0042771316667 0.0002555497784553382
0.683447 0.0042603183332999995 0.00025369296895571023
0.692745 0.003864465 0.00024837248247184005
0.702044 0.0036911179167 0.00024451057060177495
0.711342 0.004028179999999999 0.00024636418535319883
0.720641 0.00409256125 0.0002456889675200291
0.72994 0.0039383695833 0.00024258940405423647
0.739238 0.0038986779167 0.00024063918503835195
0.748537 0.0039396991667 0.00023921384882581663
0.757835 0.00368691875 0.00023562474386764888
0.767134 0.0037229204167000002 0.00023423671571002206
0.776433 0.0038496820833000002 0.00023385266992141424
0.785731 0.0038909770833 0.0002326100842068283
0.79503 0.0038549208332999997 0.00023108336845643353
0.804328 0.0038955420833 0.00023031529855941716
0.813627 0.003676675 0.00022653535070710874
0.822926 0.0036257054167 0.0002249101216405459
0.832224 0.0038882633333 0.00022594190885123178
0.841523 0.0039894620833 0.00022561484980259238
0.850821 0.003998757083299999 0.00022442214298031577
0.86012 0.0039567645833 0.00022335544701276521
0.869419 0.0038260424999999997 0.00022093171784975788
0.878717 0.0039673933333 0.00022091500241455225
0.888016 0.0040081295833 0.0002201622435590571
0.897314 0.0037409883333000002 0.00021638841078688647
0.906613 0.0038476820833 0.00021613397564943776
0.915912 0.0040657370833 0.00021686818416429086
0.92521 0.0039579958333 0.00021459667805508246
0.934509 0.0039521170833 0.00021365153018974042
0.943807 0.0039381375 0.00021281359903214971
0.953106 0.0040083666667 0.0002124613157451374
0.962405 0.0038524379167 0.00021026761727520104
0.971703 0.0040104866667 0.00021038216230511074
0.981002 0.0041673104167 0.0002116051351472721
0.9903 0.0041276891667 0.00021013944703259204
0.999599 0.004100716250000001 0.00020835617842582932
1.0089 0.004151386666700001 0.0002078965270225358
1.0182 0.0042577770833 0.00020734079513768416
1.02749 0.0041183145833 0.00020526648690862503
1.03679 0.0040558529167 0.00020400634298237225
1.04609 0.0041043354167 0.00020349719516972808
1.05539 0.0040306729167 0.0002019003173655473
1.06469 0.0042108575 0.00020242831083528193
1.07399 0.0042907504167 0.00020227514323207968
1.08329 0.004086085 0.0001994537862427292
1.09258 0.00406533125 0.00019862064929934687
1.10188 0.0041319166667 0.00019825547706539543
1.11118 0.0042489966667000004 0.00019837964037316098
1.12048 0.004184535 0.00019725911496914442
1.12978 0.0040636395833 0.00019551397966419717
1.13908 0.0038537670833 0.00019278733721628092
1.14838 0.00392579875 0.00019258264410633753
1.15768 0.0042030929167 0.000193924265326791
1.16697 0.00427909875 0.00019366960974120197
1.17627 0.00417533 0.0001921239539088108
1.18557 0.00410344625 0.00019083050617114497
1.19487 0.0042483825 0.00019117020563401047
1.20417 0.0041998595833000005 0.0001899241139993715
1.21347 0.0040922633333 0.0001883631815339116
1.22277 0.0041294508333 0.00018782639983311357
1.23206 0.004151051249999999 0.00018723300877923014
1.24136 0.004164025 0.0001867781087507951
1.25066 0.00425211 0.00018688355722276394
1.25996 0.0040937295833 0.00018508620762342152
1.26926 0.0041232916667 0.00018459108238992267
1.27856 0.004401681249999999 0.00018580170375725525
1.28786 0.0043508470833 0.00018474694313578237
1.29715 0.0040642454167 0.00018197801663908633
1.30645 0.004164277500000001 0.00018204852272869508
1.31575 0.0042449320833000004 0.00018188481300137423
1.32505 0.0042121591667 0.00018114007720442066
1.33435 0.00428097875 0.00018100673742358665
1.34365 0.0041530454167 0.00017945040632871438
1.35295 0.0040528641667 0.00017806781691343196
1.36224 0.0040976716667 0.00017754409541753576
1.37154 0.0040970337499999995 0.00017701912908353913
1.38084 0.0041025112499999995 0.00017644351456189912
1.39014 0.0041507091667 0.00017644130358604866
1.39944 0.0042069724999999995 0.00017630492463677005
1.40874 0.00411605 0.0001752175188507511
1.41804 0.0041981191667 0.0001753621424757466
1.42733 0.004178053750000001 0.00017452721806686438
1.43663 0.0039962670833 0.00017289573987686619
1.44593 0.0038578758333 0.00017133463760747678
1.45523 0.00394772375 0.00017123927461416683
1.46453 0.004009004166699999 0.000171125288501604
1.47383 0.00405287375 0.00017088204572334917
1.48313 0.0040775258333 0.00017050833086618882
1.49242 0.0041225725 0.00017009145891069063
1.50172 0.0040176929167 0.00016886238191893524
1.51102 0.0040129429167 0.00016835696250423691
1.52032 0.0042761954167 0.00016954565909836083
1.52962 0.0041077295832999995 0.00016784268178097648
1.53892 0.0040541608333 0.00016695295760110548
1.54822 0.0039586254167 0.00016577270633066625
1.55751 0.0036718254167 0.00016350558693762222
1.56681 0.0036329341667 0.00016261229900672636
1.57611 0.0035408633333 0.00016150396252308556
1.58541 0.0037914979167 0.00016274618687751803
1.59471 0.0037697133332999996 0.00016214454174619106
1.60401 0.0038415170832999997 0.00016199792786027252
1.61331 0.0038029816667000003 0.00016123478055479293
1.6226 0.0038953275000000002 0.00016142556549319655
1.6319 0.00385698375 0.00016072864189929143
1.6412 0.0037631337499999997 0.00016118142264471083
1.6505 0.0037995191667 0.00016478414637016237
1.6598 0.0036241154167 0.00016179806603927848
1.6691 0.0035004695833 0.00016310881853880593
1.6784 0.0034401391667 0.00016488588756036535
1.68769 0.0034845104167 0.00016852644448937148
1.69699 0.0035580808333 0.00016729013198577466
1.70629 0.0035601341667 0.00016869557147798766
1.71559 0.0036194520833 0.00017189171633748786
1.72489 0.0033232370833 0.00017003894731897157
1.73419 0.0036122495833 0.00017115971908029712
1.74349 0.00367639125 0.00017227414224466492
1.75279 0.0035456229166999998 0.00017609119382962964
1.76208 0.0036000325 0.00017361448672282027
1.77138 0.0033844845833 0.00017226225771686847
1.78068 0.0031618545833 0.00017314190748838397
1.78998 0.0032507545833 0.00017589941797569394
1.79928 0.0032624283333 0.00017301429111653483
1.80858 0.0031897158333000003 0.00017231173339093066
1.81788 0.0033060891667 0.0001768594379714616
1.82717 0.0030592333332999998 0.00017269853592311184
1.83647 0.0030879629167000003 0.00018011115916902797
1.84577 0.0032052141667000002 0.00017582186834076756
1.85507 0.0030821854167000003 0.00017405473331474385
1.86437 0.0028863508333000004 0.00017749610522327275
1.87367 0.0027859616667 0.00017870228662274953
1.88297 0.0029510766667000003 0.00018457562817464736
1.89226 0.00299848375 0.00018523199844042824
1.90156 0.00313411625 0.0001945456539387636
1.91086 0.0029714016667 0.00020160782422981216
1.92016 0.00288233625 0.00020384199138343725
1.92946 0.0030661945833 0.00021462295100007633
1.93876 0.0028392145833 0.00021074550575923538
1.94806 0.00269114 0.00021061995877927122
1.95735 0.0028589387499999997 0.00021390269471000778
1.96665 0.0028576133332999997 0.00021807493868524383
1.97595 0.00242807375 0.00021115313842593868
1.98525 0.0025735941667 0.00021955541829174526
1.99455 0.0028469258333 0.00022654946410145647
2.00385 0.00267970125 0.00022296485119519145
2.01315 0.0026550633333 0.00023990438144516987
2.02244 0.002321195 0.0002248881401898099
2.03174 0.0023632987500000003 0.00022765876718489877
2.04104 0.0023000625 0.00023772691778217551
2.05034 0.0024003337499999998 0.00023676270927644395
2.05964 0.0024642458333000005 0.00023947572469021892
2.06894 0.0026658575 0.0002576662655438519
2.07824 0.0027618658333 0.0002562003830301295
2.08753 0.002428115 0.0002492692075585076
2.09683 0.00226133375 0.0002590120838888174
2.10613 0.0023892629167 0.00025761063442496576
2.11543 0.00217795125 0.0002631334427997867
2.12473 0.0022553220833000003 0.0002603404727982203
2.13403 0.0022159550000000004 0.0002805946729057987
2.14333 0.0018841358333 0.00026365068000860296
2.15262 0.0020440791667 0.0002713141853206249
2.16192 0.00223790375 0.00031965575482095
2.17122 0.0021828737499999997 0.00028021835151981986
2.18052 0.0018882237500000001 0.00029812312513783365
2.18982 0.0015301391667 0.00028467282266041367
2.19912 0.0018668079167 0.00031917989257185746
2.20842 0.0021701354166999997 0.0003151222684872048
2.21771 0.0019358012499999999 0.0003039107107845051
2.22701 0.0018732054167 0.0003340049158915823
2.23631 0.0019089391667 0.0003797146248804792
2.24561 0.0019099879167 0.000333135714330744
2.25491 0.0013957979167 0.0003562888158087659
2.26421 0.00135370625 0.00034108991015509266
2.27351 0.0013801466667 0.00039849069246496166
2.2828 0.0018767533333 0.00036634347242209476
2.2921 0.00167290625 0.0004169837003390817
2.3014 0.0020143033333 0.00039185492860324776
2.3107 0.0021432729167 0.00045354273900633467
2.32 0.0013951429167 0.00042138016581352123
2.3293 0.0011625579167 0.00039923826273415214
2.3386 0.0013625320833 0.0004047240324756227
2.3479 0.0015059254167 0.0004821574556212594
2.35719 0.0015836933333 0.0004319422564426473
2.36649 0.0015199 0.0005155281233042082
2.37579 0.0017257499999999999 0.0004707934126677052
2.38509 0.0014316420833 0.0005661182567786997
2.39439 0.0009131025 0.0004986677719822246
2.40369 0.0014061708333 0.0005242520409156509
2.41299 0.0012056020833 0.0006615149661247054
2.42228 0.0004692533333 0.0006987306701105743
2.43158 0.0007381725 0.0007208492821486769
2.44088 0.0006555029167000001 0.0006782221383304591
2.45018 0.0006953191667000001 0.0007469146067976164
2.45948 0.0011894545832999998 0.0007426481906249791
2.46878 0.0012138004167000001 0.000739806065218817
2.47808 0.0013107483333 0.0007722306582668332
2.48737 0.0020308287499999998 0.0009282286399689784
2.49667 0.0020359775 0.0008770412296561488
2.50597 0.00273141875 0.0008979854314272875
2.51527 0.00238254 0.0009279477654880143
2.52457 0.00013817750000000002 0.0008931444425874691
2.53387 6.41875e-06 0.0014701735437789517
2.54317 0.0004388225 0.0023386221520223668
2.55246 0.00023062674999999987 0.004389573331464694
