nothing special
nothing special
273
0.0232465 0.07055166669999999 0.044851206333396905
0.0325451 0.03007675 0.013802131531769606
0.0418437 0.027280875 0.007468862382427173
0.0511423 0.01647575 0.0045719218608743
0.0604409 0.012179025 0.0031110295980168157
0.0697395 0.008171891667 0.002253015150088126
0.079038 0.0060953791669999995 0.0016237122933964758
0.0883366 0.006841379166999999 0.001338965781122979
0.0976352 0.006581 0.0011430745511572479
0.106934 0.0057216 0.0009822014751921936
0.116232 0.004821920833 0.0008605132795733808
0.125531 0.0048538 0.000784542130502614
0.13483 0.004667583333 0.000718018841568612
0.144128 0.005144965 0.0006785959457291815
0.153427 0.0055473104167 0.0006461964000573573
0.162725 0.0046587754167 0.000597861362489699
0.172024 0.0041970241667 0.0005629151495297251
0.181323 0.0047115441667 0.0005493493986108678
0.190621 0.0042248933333 0.0005212585255381551
0.19992 0.0039204683333 0.0004970330268751733
0.209218 0.0038209716667 0.0004792630540190014
0.218517 0.00350061 0.00046011397919820625
0.227816 0.0033954620833 0.00044661107244256694
0.237114 0.0040764954167 0.0004469721676404577
0.246413 0.004134280000000001 0.00043660805007530133
0.255711 0.00355186875 0.00041814560316104355
0.26501 0.0035394554167 0.00040862807595207944
0.274309 0.0035821374999999997 0.0004005938067253118
0.283607 0.00380775625 0.00039671976578784706
0.292906 0.00427495625 0.0003962525455635419
0.302204 0.004450775 0.0003922864826953447
0.311503 0.0037051554167 0.000375073422177704
0.320802 0.00345308625 0.0003654189834950075
0.3301 0.0034925625 0.0003599009706320414
0.339399 0.0034905666667000004 0.0003543861402149118
0.348697 0.004005639166699999 0.0003569601535235438
0.357996 0.0039817454167 0.0003519710285210289
0.367294 0.0035691845833 0.00034113021348280016
0.376593 0.0033399679167 0.0003331550592106361
0.385892 0.00383471375 0.0003355777005115322
0.39519 0.0036886383332999997 0.00032972756683954924
0.404489 0.0039406316667 0.0003288219724311531
0.413787 0.0037494433333 0.0003223338746892619
0.423086 0.0030223041667 0.0003089717033146162
0.432385 0.0032785899999999996 0.00030939319637437383
0.441683 0.0034456770833 0.00030846506019082916
0.450982 0.00397973125 0.000311673485542462
0.46028 0.00383527875 0.0003064654332809268
0.469579 0.00374563125 0.00030179329891823426
0.478878 0.00380455875 0.00029970983221311965
0.488176 0.0038184250000000003 0.000296839665542093
0.497475 0.0037483720833 0.00029307051305490757
0.506773 0.0036496366667000003 0.00028880406419423997
0.516072 0.0036136516666999997 0.0002857720068627975
0.525371 0.0040089170833 0.00028750896488103446
0.534669 0.00381214125 0.00028269724222010123
0.543968 0.00377696875 0.00028079663819137473
0.553266 0.0038121216667 0.0002786433568115264
0.562565 0.0039364041667 0.00027781721739600834
0.571864 0.0038429491667 0.0002741283609982284
0.581162 0.0035777816667000003 0.00026921396237934904
0.590461 0.0036897254167 0.0002681332556717195
0.599759 0.0035111470832999998 0.0002639601861127055
0.609058 0.0037236420833 0.000263863519594385
0.618357 0.0034912958333000003 0.00025928767840633195
0.627655 0.00342475375 0.00025681022695693974
0.636954 0.00371815625 0.00025792031949654047
0.646252 0.0038720929167000004 0.00025728902304146366
0.655551 0.0036836212499999996 0.0002534277012662764
0.664849 0.0040063908333000005 0.00025488189972011383
0.674148 0.0040494566667 0.0002539352983917855
0.683447 0.0040728283333 0.00025218694594750614
0.692745 0.00394306 0.000249489336480172
0.702044 0.0038149879167000003 0.00024600155104902133
0.711342 0.0038657450000000003 0.0002450259888638693
0.720641 0.003947946250000001 0.00024440695162603
0.72994 0.0038046495832999997 0.00024162210803756532
0.739238 0.0038921079167 0.00024081276957146303
0.748537 0.0039337841667 0.0002395421711878824
0.757835 0.00381946875 0.00023726942213539364
0.767134 0.0040891804167000004 0.00023793169640729333
0.776433 0.0040931420833 0.0002364918542421945
0.785731 0.0040200220833 0.00023414537267541367
0.79503 0.0039342558333 0.0002321752369056832
0.804328 0.0040720820833 0.00023247457925283627
0.813627 0.004126915 0.00023095835829176322
0.822926 0.0038623304166999998 0.00022723249103353323
0.832224 0.0039507833333 0.00022685704965425495
0.841523 0.0040940170833 0.00022679944844213913
0.850821 0.0038985420833 0.0002237142955641834
0.86012 0.0039572945832999995 0.00022421388243110935
0.869419 0.0038519725 0.00022181784335223093
0.878717 0.0038757133333 0.0002203853585020476
0.888016 0.0040054495833 0.00022051595614516197
0.897314 0.0042249733333 0.0002210821994341058
0.906613 0.0043915620833000005 0.00022156976541389388
0.915912 0.0043593720833 0.00021998043166968165
0.92521 0.0039819608333 0.00021520983729239504
0.934509 0.0039591870833 0.00021385525738013404
0.943807 0.0039522025 0.00021313580573462004
0.953106 0.0039065316667 0.00021169998587198646
0.962405 0.004038817916700001 0.00021187416303313284
0.971703 0.0041055366667 0.00021129028638067275
0.981002 0.0040380904167 0.00021098955800580302
0.9903 0.0040696391667 0.00021008883058578167
0.999599 0.00394790625 0.00020742976873595247
1.0089 0.0040160716667 0.00020694770818661522
1.0182 0.0041997470833 0.00020725333594149873
1.02749 0.0041789145833 0.00020625339702176523
1.03679 0.0041226279167 0.00020474203620074867
1.04609 0.0040065954167 0.00020293328642447946
1.05539 0.0038826379167 0.00020103866667051974
1.06469 0.0038390725000000004 0.0001995979785609725
1.07399 0.0040110254167000006 0.0002003350030807975
1.08329 0.0041200149999999994 0.00020012690537185769
1.09258 0.00409334125 0.0001994155654139828
1.10188 0.0042922266667000004 0.0002000318312111649
1.11118 0.0042583116667 0.0001991176190273645
1.12048 0.00431098 0.00019856927922163553
1.12978 0.0040076745833 0.00019539826400753835
1.13908 0.0040011920833 0.00019424103032582152
1.14838 0.00413625375 0.00019448055471989659
1.15768 0.0043146179167 0.00019482899050957432
1.16697 0.00439679875 0.0001947379533306398
1.17627 0.0045242 0.00019490715918671627
1.18557 0.00434025625 0.00019278310408015723
1.19487 0.0041735725 0.0001906399087267986
1.20417 0.004042474583299999 0.00018888044005015546
1.21347 0.0040320183333000005 0.00018810938923265167
1.22277 0.0042282758333 0.00018881974124126643
1.23206 0.00422277125 0.00018819127397041568
1.24136 0.0041610250000000005 0.0001869325724566495
1.25066 0.00440931 0.0001881230963199858
1.25996 0.004436264583299999 0.0001877928216205236
1.26926 0.0043762416667 0.00018682510686532413
1.27856 0.00423959625 0.00018492970272586734
1.28786 0.0041030170833 0.00018306609275608798
1.29715 0.004138945416700001 0.0001826072144387426
1.30645 0.0042343875 0.00018277747681501715
1.31575 0.0041013670833000004 0.00018114941636365929
1.32505 0.0041166091666999995 0.000180702536759092
1.33435 0.00405270875 0.00017963207711998595
1.34365 0.0042352754167 0.00018035290686632845
1.35295 0.0041781591667 0.00017926326391465
1.36224 0.0041479816667 0.00017828361034275098
1.37154 0.004191838749999999 0.00017799691314979442
1.38084 0.00400598125 0.00017597303752976042
1.39014 0.0039408691667 0.00017529669232379017
1.39944 0.004106512499999999 0.00017597854632798887
1.40874 0.003990665 0.00017450019682088526
1.41804 0.0037370041667 0.00017220828241463264
1.42733 0.00387308875 0.00017263685730103988
1.43663 0.0039820270833 0.00017304164346716448
1.44593 0.0039056558333000002 0.00017195423470515008
1.45523 0.00412948875 0.0001727840847430083
1.46453 0.0040881891667 0.00017192626836868072
1.47383 0.0040410737500000005 0.00017114551633061107
1.48313 0.0040739158333 0.00017070660749544792
1.49242 0.0038961625 0.00016871833415430044
1.50172 0.0039573979167 0.0001687493222835419
1.51102 0.0040793679167 0.00016903072036291713
1.52032 0.0039219954167 0.00016731245702354246
1.52962 0.0038614395833 0.00016639308072610893
1.53892 0.0039235208333 0.00016637570560593058
1.54822 0.0039213254167 0.00016574310999123714
1.55751 0.0036474604167 0.0001635265964287645
1.56681 0.0037857991667000004 0.00016395483775320517
1.57611 0.0037638633332999997 0.00016328167724899943
1.58541 0.0038295929167 0.00016332827402336486
1.59471 0.0037623983332999997 0.00016235641277843248
1.60401 0.0037550620832999997 0.0001618183045108334
1.61331 0.0036339266667 0.0001605068769119478
1.6226 0.0035374175 0.0001593850923094206
1.6319 0.00351282875 0.00015867030279922883
1.6412 0.0036611887499999997 0.00016043491605541543
1.6505 0.0035897091667 0.00016412121568829034
1.6598 0.0034803854167 0.0001610449475884977
1.6691 0.0035424145833 0.00016342526615548155
1.6784 0.0035471991667 0.00016613631026589286
1.68769 0.0034728954167 0.00016847763196659697
1.69699 0.0034115808333 0.00016644749905106806
1.70629 0.0034405941667 0.00016838737757369362
1.71559 0.0034296620832999997 0.00017084155396648686
1.72489 0.0034261170833 0.0001719532765637871
1.73419 0.0035519595833 0.00017091250496312414
1.74349 0.00341661625 0.0001707241856074568
1.75279 0.0033786779167 0.0001746876754110092
1.76208 0.0034023775 0.0001720973825583773
1.77138 0.0033127695833 0.00017184934758936106
1.78068 0.0033673095833 0.00017587484788054842
1.78998 0.0033612845833 0.00017681804799099207
1.79928 0.0032094433332999998 0.00017304147499303034
1.80858 0.0031334658333 0.00017228733439881961
1.81788 0.0031421291667 0.0001770921295491519
1.82717 0.0030845633333 0.00017295431633011042
1.83647 0.0030729379167 0.00017618556353284298
1.84577 0.0031041991667000004 0.00017502380547286178
1.85507 0.0031697854167 0.00017519424534693842
1.86437 0.0031500358333 0.00017997308519594103
1.87367 0.0031634766667 0.00018250831504411738
1.88297 0.0029363916667 0.00018507610322172948
1.89226 0.0028331287500000003 0.0001839896486391819
1.90156 0.00283580625 0.00019164875725419332
1.91086 0.0028094666667 0.00019971919050174137
1.92016 0.00295401625 0.00020463742726633174
1.92946 0.0029893695833 0.00021407693468209244
1.93876 0.0026189345833 0.00020721865127873437
1.94806 0.00245453 0.000207946833156241
1.95735 0.0027131887499999997 0.0002137011746074146
1.96665 0.0027410533333 0.00021618187745986464
1.97595 0.00259408375 0.00021242356350392367
1.98525 0.0027379591667 0.0002212649038331945
1.99455 0.0026367408332999996 0.00022589885262883384
2.00385 0.0024570712499999998 0.00022287658217943606
2.01315 0.0024604433333 0.00023564953044241934
2.02244 0.0027700850000000003 0.0002300177981499837
2.03174 0.00271291875 0.00023144579344417271
2.04104 0.0025599425 0.00024245282491997027
2.05034 0.00232828875 0.00023584353456194594
2.05964 0.0023641958333000005 0.0002390613957612458
2.06894 0.0024759825 0.0002519188166774114
2.07824 0.0022653858333 0.0002494054199718571
2.08753 0.00209895 0.0002473286859536659
2.09683 0.00224579875 0.00025873257399749647
2.10613 0.0025472029167 0.00026135077219670196
2.11543 0.00252516125 0.00026772656861914665
2.12473 0.0023421620833 0.00026218583506918124
2.13403 0.00212396 0.0002795874130729579
2.14333 0.0021140608333000003 0.00026701013370412273
2.15262 0.0021529241667 0.00027324613071764097
2.16192 0.0019431037499999999 0.00031367699624661427
2.17122 0.00228842875 0.00028345750131919897
2.18052 0.00221746375 0.0003117521471403548
2.18982 0.0020790591667 0.00029207707379768906
2.19912 0.0021275429167 0.0003273638600583363
2.20842 0.0022889454166999997 0.00032015377842104685
2.21771 0.00227529125 0.0003087520406604379
2.22701 0.0022326904167 0.00034044751348642977
2.23631 0.0021923491667 0.00039040979884160174
2.24561 0.0021049379167 0.00033920081809685405
2.25491 0.0021346579167 0.0003841663601372982
2.26421 0.0016949062499999998 0.0003468417359085274
2.27351 0.0014572466667 0.0003863726081260797
2.2828 0.0017332483333 0.00036263550062236755
2.2921 0.00170168125 0.00040408887938269994
2.3014 0.0018966083332999997 0.00038650383807838177
2.3107 0.0018248979167 0.00042188478667356784
2.32 0.0017130029167000001 0.0004274751298306395
2.3293 0.0016872929167000002 0.00040661784977156
2.3386 0.0014266370832999998 0.0004094142900330483
2.3479 0.0018465454167 0.0005035667860115246
2.35719 0.0013511283333 0.00043104744787025515
2.36649 0.0010782650000000001 0.0005114657644396139
2.37579 0.001380625 0.0004636341846812724
2.38509 0.0014896820833 0.0005710762368801884
2.39439 0.0015005975 0.0005286252402118792
2.40369 0.0012335108333 0.000531523222886296
2.41299 0.0006863620833 0.0006285252224020599
2.42228 0.0014895333333 0.0008222877213147298
2.43158 0.0015982775 0.00083979192812595
2.44088 0.0010941729167 0.0007043487993527842
2.45018 0.0007775391667000001 0.0007712920849795664
2.45948 0.0007866695832999999 0.00074310246272305
2.46878 0.0009350354167000001 0.0007296854963203397
2.47808 0.0009391683333 0.0007614772274956875
2.48737 0.0015932437499999999 0.0009208085283600518
2.49667 0.0016057525 0.0008735432102778956
2.50597 0.0011570637499999999 0.0008305614562958932
2.51527 0.0011081200000000002 0.0008884646066408088
2.52457 -0.00048089249999999997 0.0008816017555284055
2.53387 -0.00079254125 0.0013695790565567629
2.54317 -0.0002267925 0.002310395004769563
2.55246 0.0011261337500000001 0.004635710470564168
