nothing special
nothing special
273
0.0232465 0.0045666667 0.04380799659542007
0.0325451 0.019778249999999997 0.013693361032054294
0.0418437 0.005707375000000001 0.007258580861260911
0.0511423 0.006935749999999999 0.004462197756608604
0.0604409 0.011678025 0.003099948074239298
0.0697395 0.010442591666999998 0.0022816785759366873
0.079038 0.006263529166999999 0.001623102114230295
0.0883366 0.006126079166999999 0.0013246741451647193
0.0976352 0.0035156 0.0010885705671228516
0.106934 0.0033038 0.0009368702085248456
0.116232 0.0046051208330000004 0.0008550499562102754
0.125531 0.0050133 0.0007847657797921986
0.13483 0.004748933333 0.0007185268179518102
0.144128 0.004101465 0.0006596778581757846
0.153427 0.0041184604167 0.0006187368979100028
0.162725 0.0043674254167 0.0005910135163517338
0.172024 0.0044361741667 0.0005663785385243874
0.181323 0.0042533941667 0.0005405861487936548
0.190621 0.004339588333300001 0.0005215004851658403
0.19992 0.0038289083333000002 0.0004950047015788169
0.209218 0.0039877166666999996 0.00048162315384743976
0.218517 0.00396383 0.00046702133643371067
0.227816 0.0037138420833 0.0004509573041733188
0.237114 0.0036389154167000004 0.0004383218505645273
0.246413 0.00399361 0.0004338111255133396
0.255711 0.0037929637500000004 0.0004208895827134946
0.26501 0.0034066404167 0.0004051312220154523
0.274309 0.0037428125 0.00040241796370249906
0.283607 0.00372629125 0.0003948892944050577
0.292906 0.00382022125 0.00038890051022126077
0.302204 0.00398977 0.0003849679280676351
0.311503 0.0037159354167 0.00037461184757161056
0.320802 0.0035946612499999997 0.0003670409526857604
0.3301 0.0036377824999999997 0.000360711738174247
0.339399 0.0035337716667 0.0003533480622978297
0.348697 0.0034831991667000003 0.0003488656711630971
0.357996 0.0036980004167 0.00034755270979411535
0.367294 0.0037826445833000003 0.000343022336861708
0.376593 0.0035653179167 0.0003356090786119909
0.385892 0.00388534875 0.00033534466955215667
0.39519 0.0034789533333 0.00032576224578392425
0.404489 0.0034391766667000003 0.00032111468350095614
0.413787 0.0035553333333 0.00031899716599196996
0.423086 0.0038652941667 0.000319155651837025
0.432385 0.003907375 0.00031636761363998644
0.441683 0.0035186370833 0.00030810888126617605
0.450982 0.00370377125 0.00030728262460603435
0.46028 0.00379284375 0.00030503540083640286
0.469579 0.00374109125 0.00030070748169378495
0.478878 0.00383421875 0.00029873107340352425
0.488176 0.0038172099999999997 0.0002960552410946911
0.497475 0.0039403820833 0.0002947215949637972
0.506773 0.0038588116667 0.0002904998557398216
0.516072 0.0035651266667 0.00028437968251471263
0.525371 0.0038854870832999997 0.0002853627357384173
0.534669 0.00381867125 0.0002818792877427837
0.543968 0.00335680875 0.0002755322056991912
0.553266 0.0034544416667 0.00027400329953072307
0.562565 0.0036320591667 0.00027324052310297875
0.571864 0.0036358041667 0.00027081923131298536
0.581162 0.0034203316667 0.0002665583891084055
0.590461 0.0037183404167 0.00026775536776347744
0.599759 0.0034549970833 0.00026250790938558706
0.609058 0.0036456470833 0.0002628185266168092
0.618357 0.0034577408333 0.0002585648330791308
0.627655 0.00385473375 0.0002604504165577708
0.636954 0.00391482625 0.00025903571999357
0.646252 0.0038356579167 0.00025619314429458484
0.655551 0.0037780162500000002 0.0002537630543120408
0.664849 0.0035268608333 0.00024930887757472
0.674148 0.0034087516667 0.0002465796827979293
0.683447 0.0037510983333 0.00024841355053769243
0.692745 0.0037824900000000003 0.000247452162851488
0.702044 0.0037756929167 0.00024520894994209175
0.711342 0.00394768 0.0002452143188402391
0.720641 0.00397116625 0.00024410955629771273
0.72994 0.0037256595832999995 0.00024016108204353575
0.739238 0.0036344229166999998 0.0002376723816913215
0.748537 0.0037528541667 0.000237305850558874
0.757835 0.00373068375 0.00023586300072233024
0.767134 0.0035719854166999998 0.00023244537608207652
0.776433 0.0038477270833 0.00023345155769991657
0.785731 0.0039716570833000005 0.00023308986187507767
0.79503 0.0037445558333 0.0002298058269916105
0.804328 0.0038247370833 0.00022936183645394973
0.813627 0.0038708299999999996 0.0002282798829122946
0.822926 0.0040166904167 0.00022814593550117752
0.832224 0.0041924833333 0.00022862617744439818
0.841523 0.004130547083300001 0.0002267685295569947
0.850821 0.0038608370833000004 0.00022291463154259
0.86012 0.0035094295833 0.00021893486252538315
0.869419 0.0036562325000000003 0.00021949450387604767
0.878717 0.0040487533333 0.00022146670581703212
0.888016 0.0040446495832999994 0.00022043712702176973
0.897314 0.0040875183333 0.00021922066841581635
0.906613 0.0040352320833 0.0002177163707100459
0.915912 0.0039130970833 0.00021534715398452436
0.92521 0.0037337858333 0.00021280096498912585
0.934509 0.0039194170833 0.00021348345758096323
0.943807 0.0038845125000000003 0.00021216986037995333
0.953106 0.0040515316667 0.00021258574242226535
0.962405 0.004161352916700001 0.00021260937713468855
0.971703 0.004144336666699999 0.00021130763524199384
0.981002 0.0039091004167000004 0.0002090991658803681
0.9903 0.0040436441667 0.00020887921322533886
0.999599 0.0042544112499999995 0.0002096926367431669
1.0089 0.0040016866667 0.00020615240497584043
1.0182 0.0040247370833 0.00020496982049880214
1.02749 0.004053574583299999 0.00020435263501699232
1.03679 0.0041466329167 0.00020429180919444856
1.04609 0.0042191604167000005 0.00020438734526789914
1.05539 0.0041516279167 0.00020315045280056265
1.06469 0.0040491475 0.00020118930182431386
1.07399 0.0041930804167 0.00020166116995004604
1.08329 0.004034805000000001 0.00019918281885803108
1.09258 0.00409550625 0.00019881537355890243
1.10188 0.0040761166667 0.00019756898481092087
1.11118 0.0038722566667 0.0001951730831345481
1.12048 0.00398285 0.0001954174733482354
1.12978 0.0039992195833 0.00019483810846754164
1.13908 0.0039855520833 0.00019354157738670294
1.14838 0.00391504375 0.00019217122793430485
1.15768 0.0039585329167 0.00019166372484663577
1.16697 0.00403763375 0.00019156520816544683
1.17627 0.00408068 0.00019112429198236042
1.18557 0.00402874625 0.00018996271985217628
1.19487 0.0041043825 0.00018963788491999876
1.20417 0.004121044583299999 0.00018897770287955168
1.21347 0.0042305083333 0.0001890863949487517
1.22277 0.0041833308333 0.00018813208156084237
1.23206 0.0039149912499999995 0.00018529040409483616
1.24136 0.004029905 0.00018538612939673622
1.25066 0.0041673149999999996 0.00018586973576985712
1.25996 0.0041359745833 0.0001850923022209987
1.26926 0.0039981216667 0.00018337298983875123
1.27856 0.00410209625 0.00018336080575672
1.28786 0.0042288420833 0.00018350021736631344
1.29715 0.0042277454167 0.00018282075709757882
1.30645 0.0042709475 0.00018254690641114483
1.31575 0.0040690720833000005 0.00018036784591503278
1.32505 0.0039646241667 0.0001790046678388281
1.33435 0.00419250375 0.0001800973535343475
1.34365 0.0042274304167 0.00017976693394601293
1.35295 0.0039698091667000005 0.00017728674960183267
1.36224 0.004162561666699999 0.00017786740334001523
1.37154 0.0040437287499999995 0.00017649217059552205
1.38084 0.00389136625 0.00017476414348421878
1.39014 0.0038581191667000003 0.0001742939256301405
1.39944 0.0040073825 0.00017479837508310904
1.40874 0.00401535 0.00017416848524061425
1.41804 0.0039587341667 0.00017337840739722107
1.42733 0.00410003875 0.00017384430093345904
1.43663 0.0040066620833 0.0001727477473316256
1.44593 0.0039611058333 0.00017176054317863862
1.45523 0.0038604187499999996 0.00017042998124660818
1.46453 0.0038433041667 0.00016961798921277124
1.47383 0.00401308375 0.00017046555492713055
1.48313 0.0041024858333 0.0001705568446474235
1.49242 0.0041243224999999994 0.00016992619548777184
1.50172 0.003990112916699999 0.00016834690722767373
1.51102 0.0039642329167 0.00016761800172674458
1.52032 0.0039761504167 0.00016716135196248613
1.52962 0.0039692595833 0.00016665932537167792
1.53892 0.0038168958333 0.0001652911097238059
1.54822 0.0038459504167 0.00016488751087571972
1.55751 0.0038238854167 0.00016432072089758498
1.56681 0.0037856641667 0.00016339182078262222
1.57611 0.0037825383333 0.000162899752656155
1.58541 0.0037295879167 0.00016218701476021226
1.59471 0.0036032733333 0.00016089080009708254
1.60401 0.0035998970833 0.00016029805666171158
1.61331 0.0035709416667 0.00015967429875935252
1.6226 0.0035557525 0.00015913589636596436
1.6319 0.0037143987500000003 0.0001596497150058782
1.6412 0.00382117875 0.0001613303573453488
1.6505 0.0037349441667 0.00016450498740709573
1.6598 0.0037614504167 0.00016240122841408805
1.6691 0.0036871495833 0.00016369705173837994
1.6784 0.0034910591667 0.00016494626553829523
1.68769 0.0033928754167 0.00016777007910651152
1.69699 0.0034629958333 0.00016637312841598896
1.70629 0.0033832891667 0.0001671727607986216
1.71559 0.0035005620833 0.00017097606438374466
1.72489 0.0034407020833 0.0001712872033236422
1.73419 0.0033248745832999997 0.00016885015018907782
1.74349 0.00343580125 0.00017033649014136184
1.75279 0.0033162829167 0.0001726768020555665
1.76208 0.0032785125 0.000170762441924092
1.77138 0.0033481995833 0.00017187845279358383
1.78068 0.0032776495833 0.00017458851427652752
1.78998 0.0030897595833 0.00017399618875342974
1.79928 0.0032159583333 0.00017269116047568617
1.80858 0.0032312308333 0.0001724382029650087
1.81788 0.0031569291667000003 0.0001766963488029194
1.82717 0.0030016483333 0.00017202621079375518
1.83647 0.0031229979167 0.00017578991410576342
1.84577 0.0030487091667000003 0.0001752540457566243
1.85507 0.0027923104167 0.00017164316499433137
1.86437 0.0027161558333000002 0.0001760751709002558
1.87367 0.0027289466667000002 0.00017851625368197667
1.88297 0.0030403116667000003 0.00018440621544211906
1.89226 0.00304400375 0.0001867070342341093
1.90156 0.00275400625 0.00019054917802383882
1.91086 0.0027067016667 0.0001977272441854425
1.92016 0.00283503125 0.00020240459610982073
1.92946 0.0028644845833 0.0002109863868875333
1.93876 0.0028328945833 0.0002073356743261958
1.94806 0.0028809350000000003 0.00021428662483425828
1.95735 0.00301766375 0.00021594517114017809
1.96665 0.0027926283333 0.00021680743658939619
1.97595 0.0025741887500000003 0.00021204160916286333
1.98525 0.0023893491667 0.00021797029050131604
1.99455 0.0025199608333 0.0002220230166161473
2.00385 0.0027653912499999997 0.00022351640791917554
2.01315 0.0027716183333 0.00023905801482981538
2.02244 0.002681405 0.00022914669477921797
2.03174 0.00252153375 0.00022894984627783207
2.04104 0.0023420975 0.00023543526706554794
2.05034 0.00253132875 0.0002361374293784383
2.05964 0.0024743258333000005 0.00023918587677508837
2.06894 0.0023763474999999997 0.00025337618087646716
2.07824 0.0023704808332999996 0.00025044823838338076
2.08753 0.0021638 0.0002474491654216431
2.09683 0.0021847637499999998 0.00025661217109426357
2.10613 0.0021536229166999998 0.00025527120663971635
2.11543 0.00218199125 0.0002612508243862864
2.12473 0.0022836070833000006 0.0002614123785688967
2.13403 0.002105185 0.0002805088841843115
2.14333 0.0018603458333 0.00026439211751263315
2.15262 0.0017971041667 0.0002679292974728929
2.16192 0.00188941875 0.00030509951255285137
2.17122 0.00241269875 0.00028471923895035685
2.18052 0.00265053875 0.00031814410517188967
2.18982 0.0021596741667 0.0002926550955900165
2.19912 0.0018754229167 0.00032250159740655163
2.20842 0.0018754604167 0.00031382149676447633
2.21771 0.00193877125 0.0003025803388868743
2.22701 0.0020601904167 0.0003333405620896254
2.23631 0.0022116091667 0.0003828112776011053
2.24561 0.0021768729166999996 0.0003373319493432853
2.25491 0.0023227829166999996 0.00037885824804964033
2.26421 0.00235589625 0.0003607568020302703
2.27351 0.0022202166666999996 0.0004175219491568586
2.2828 0.0019495933333 0.0003678093853829421
2.2921 0.0017022662499999999 0.0004092064288140555
2.3014 0.0018425783333000001 0.0003900989429413419
2.3107 0.0016434879167 0.00042544432000537574
2.32 0.0014540279167 0.0004131882792307149
2.3293 0.0016096029167 0.0004058558450175401
2.3386 0.0016326070833 0.00041849796775464724
2.3479 0.0017435354167 0.0004916537660680307
2.35719 0.0014318383333 0.0004293770733560728
2.36649 0.001685525 0.0005006235728453255
2.37579 0.0017293299999999998 0.0004653654819802254
2.38509 0.0016685370833 0.000573867279152839
2.39439 0.0013970025 0.0005183636624446984
2.40369 0.0016177708333 0.000535689983631089
2.41299 0.0017958820833 0.0006889136390427149
2.42228 0.0010727933332999998 0.0007283768388768172
2.43158 0.0023214225 0.0009223157472148067
2.44088 0.0016203679167000001 0.0007135590282668432
2.45018 0.0016592291667 0.0008367483731315907
2.45948 0.0015073445833 0.0007818817492342849
2.46878 0.0010946804167000002 0.0007386978541851703
2.47808 0.0011094983333 0.0007778160795137809
2.48737 0.00078817875 0.0008838473571999418
2.49667 0.00041470250000000004 0.0008177340822289722
2.50597 0.00070352375 0.0008139326671497341
2.51527 0.000490595 0.0008504165975068732
2.52457 -0.0002000425 0.0008837642541533561
2.53387 0.00021783875 0.0014261330651696132
2.54317 0.0019348324999999998 0.002394595710319008
2.55246 0.00395670875 0.0053188709847997095
