nothing special
nothing special
273
0.0232465 0.0704966667 0.044742886014534834
0.0325451 0.013684749999999999 0.013625405157935455
0.0418437 0.011308374999999999 0.007298690412569061
0.0511423 0.01133875 0.004502474217580918
0.0604409 0.010850025 0.003084791884750491
0.0697395 0.009457691667 0.0022654927698936476
0.079038 0.007082429166999999 0.0016331754834726692
0.0883366 0.006909729166999999 0.0013360185067360097
0.0976352 0.00572195 0.0011254941701071036
0.106934 0.004802 0.0009629822114407422
0.116232 0.004109070833 0.0008448431621612324
0.125531 0.0037478999999999998 0.0007618251689516659
0.13483 0.005020033333 0.00072228268196439
0.144128 0.004940165 0.0006724880494412942
0.153427 0.0042322604167 0.0006197318237211942
0.162725 0.0036231254167 0.0005764729869214799
0.172024 0.0038146841667 0.0005545635970598694
0.181323 0.0042539441667 0.0005389043532132783
0.190621 0.0044568833333000005 0.0005230951105416998
0.19992 0.0039756433333 0.0004960144423445687
0.209218 0.0033766366667 0.0004695512930084631
0.218517 0.0035727800000000002 0.0004594802280394515
0.227816 0.0038259620833 0.00045225624828840703
0.237114 0.0039615204167000005 0.00044278456788821285
0.246413 0.00378131 0.0004293188140051349
0.255711 0.0041613037499999995 0.00042722890348086996
0.26501 0.0040327554167 0.0004148778274713503
0.274309 0.0038032275 0.0004027253195940275
0.283607 0.00341574625 0.0003895341411115587
0.292906 0.00338008625 0.00038126135747433175
0.302204 0.003451235 0.0003761592252188762
0.311503 0.0036466754167000003 0.0003734465332730649
0.320802 0.00378841625 0.00036894672480573533
0.3301 0.0038460424999999998 0.00036343201855372145
0.339399 0.0036775816667 0.00035539596594415143
0.348697 0.0035397741667 0.0003493954091853091
0.357996 0.0037433754167 0.00034733668084077857
0.367294 0.0035993195832999996 0.00034056506604847884
0.376593 0.0034808079167 0.0003341484118658911
0.385892 0.00372236375 0.000332909235851601
0.39519 0.0038710583332999997 0.00033081720294429983
0.404489 0.0037118566667000003 0.00032469990595854274
0.413787 0.0040647583333 0.0003251830945466339
0.423086 0.0040688591667 0.000321903268863444
0.432385 0.0037185200000000003 0.00031408359969288833
0.441683 0.0037792120833000003 0.0003111229040306363
0.450982 0.00390800625 0.00030964044215055615
0.46028 0.0037456387500000004 0.00030420138759118054
0.469579 0.00373439625 0.00030022716451795354
0.478878 0.00392133375 0.0002993475549684185
0.488176 0.003925235 0.0002969631778830984
0.497475 0.0038839620833 0.0002933925011395775
0.506773 0.0040027516667 0.00029157095803831725
0.516072 0.0042955266667 0.0002927095738464705
0.525371 0.0040708070833 0.00028740535369187566
0.534669 0.0037993162500000004 0.0002815787248626194
0.543968 0.00398421875 0.0002816869884180014
0.553266 0.0039188516667 0.00027853491780010944
0.562565 0.0036998191667 0.0002735935988578399
0.571864 0.0038197441667 0.0002727669671425086
0.581162 0.0036119266667 0.0002683364324009188
0.590461 0.0036525254167000002 0.0002664192647652079
0.599759 0.0036681520832999998 0.00026473083879070244
0.609058 0.0036024170833 0.00026172176361913675
0.618357 0.0036733508333 0.00026014564808783864
0.627655 0.00396172875 0.0002613132036308095
0.636954 0.00386772625 0.0002579223951743467
0.646252 0.0038056679167 0.0002556534223549507
0.655551 0.00373932625 0.00025329290487079
0.664849 0.0039127308333 0.00025285594578877235
0.674148 0.0041188916667 0.00025383472645509317
0.683447 0.0040746683333000005 0.00025159673666994535
0.692745 0.00365992 0.0002457097884177337
0.702044 0.0039742629167 0.00024664870473926556
0.711342 0.00396729 0.00024509183486976074
0.720641 0.00386022125 0.0002428074878301362
0.72994 0.0039645545833 0.0002423593405619828
0.739238 0.0038824829167000002 0.0002397838138357745
0.748537 0.0038340641667 0.00023757116059387298
0.757835 0.00396359875 0.0002377206071861418
0.767134 0.0038487004167 0.0002348533888091504
0.776433 0.0039567420833 0.00023420841922653325
0.785731 0.0039785570832999995 0.00023293353275072686
0.79503 0.003930795833299999 0.0002312617740547674
0.804328 0.0038065270833 0.00022887084214967467
0.813627 0.0038418750000000002 0.00022766991940756986
0.822926 0.0040385954167 0.00022805686990685247
0.832224 0.0042036833333 0.0002283892383621281
0.841523 0.0042171470833 0.0002271129442981742
0.850821 0.0041266270833 0.00022508137878765047
0.86012 0.0040460095833 0.000223661814953012
0.869419 0.0038636825 0.0002208180281964306
0.878717 0.0036516583333 0.00021764865373033964
0.888016 0.0041303545833 0.00022075719993012275
0.897314 0.004245738333299999 0.0002203011279909002
0.906613 0.0041091820833 0.00021781400263272158
0.915912 0.0042421970833 0.0002177855430391128
0.92521 0.0041807158333 0.00021620903800701624
0.934509 0.0041563870833 0.00021494557265588386
0.943807 0.0039493875 0.00021238391999105877
0.953106 0.0038336666667000002 0.00021053566867499767
0.962405 0.0041709929167 0.00021226569121516
0.971703 0.0041409116667 0.00021085473987502337
0.981002 0.0039766804167 0.00020939318337183062
0.9903 0.0039317591667 0.00020781182611371223
0.999599 0.00420349125 0.0002086693600897009
1.0089 0.0039463516667 0.00020525785716035176
1.0182 0.0041359220833 0.0002056258930181727
1.02749 0.0041819745833 0.00020589956085092403
1.03679 0.0041043629167 0.00020433947517298394
1.04609 0.0040931954167 0.00020280678163039334
1.05539 0.0041156179167 0.00020206138630005695
1.06469 0.0040696425 0.00020085971525086197
1.07399 0.0043929454167 0.00020278797034213724
1.08329 0.00413464 0.00019969205792604212
1.09258 0.00395130125 0.0001974773206875766
1.10188 0.0043075816667 0.00019937341969411735
1.11118 0.0043517216667 0.00019890430592052377
1.12048 0.004287995 0.00019766998836750013
1.12978 0.0041093795833 0.00019566295082707299
1.13908 0.0041492420833 0.00019475263278544418
1.14838 0.0043664837500000005 0.00019547540208702003
1.15768 0.004215992916700001 0.00019356536560939604
1.16697 0.00430547375 0.00019354326625029995
1.17627 0.004258705 0.0001923602728602315
1.18557 0.00407652625 0.0001901196018226042
1.19487 0.0041072025000000005 0.00018962173408160204
1.20417 0.0043871745833 0.00019090440590503472
1.21347 0.0042012483333 0.00018873178995667186
1.22277 0.0038962108333 0.0001857721743001648
1.23206 0.00403067625 0.00018604362928017037
1.24136 0.00419617 0.00018646577038258032
1.25066 0.004438185 0.0001877266325274707
1.25996 0.0043394395833 0.00018640104560233405
1.26926 0.0039932366667 0.00018325334617612824
1.27856 0.0041039462500000005 0.00018326393787784748
1.28786 0.0041926570832999995 0.00018301936960702053
1.29715 0.0041442104167 0.0001820693498457048
1.30645 0.0040358124999999995 0.00018069852867550374
1.31575 0.0041054820833 0.00018046726073434445
1.32505 0.0041182391667 0.00018003663327268265
1.33435 0.00388080375 0.00017775401441543235
1.34365 0.0039129754167 0.00017728122580147227
1.35295 0.0039396691667 0.0001767833912191139
1.36224 0.0040663116667 0.00017691900912467212
1.37154 0.00416419875 0.0001770693127806969
1.38084 0.00421464125 0.00017688251359579738
1.39014 0.0041297091667 0.00017582409526480339
1.39944 0.0041194974999999995 0.00017512505855058706
1.40874 0.004208265 0.00017539636557703942
1.41804 0.0040640641667 0.0001739823991872941
1.42733 0.0040862187500000004 0.00017336919498047457
1.43663 0.0039930970833 0.00017224538025181844
1.44593 0.0040504608333 0.00017205035339538574
1.45523 0.00410050875 0.00017176405062880237
1.46453 0.0039948491667 0.00017056623985585299
1.47383 0.00420021875 0.00017157328707070508
1.48313 0.0040832258332999995 0.0001701983430999242
1.49242 0.0039744425 0.00016875060230905724
1.50172 0.0040094279167 0.0001684441032569729
1.51102 0.0039300729167 0.00016739595997739045
1.52032 0.0038837854167 0.0001665133612117322
1.52962 0.0039287445833 0.00016620069347326875
1.53892 0.0038634608333 0.00016543423185545126
1.54822 0.0040748304167 0.0001662119087363414
1.55751 0.0040471654167 0.00016550733891151917
1.56681 0.0039064441667 0.0001640429380335281
1.57611 0.0037559933333 0.00016251553785914086
1.58541 0.0038209529167 0.0001626118854978577
1.59471 0.0039108983333 0.0001626936092770678
1.60401 0.0039135970833 0.00016208797772524915
1.61331 0.0038246866667 0.00016103924724216058
1.6226 0.0038287475 0.00016070272963898425
1.6319 0.00395994375 0.00016111735327283921
1.6412 0.0039048237499999996 0.00016191882673808884
1.6505 0.0038526741667 0.00016450185568623213
1.6598 0.0035478604167 0.00016074722035169637
1.6691 0.0034827795833 0.00016260608196499166
1.6784 0.0035899141666999998 0.00016589816277675626
1.68769 0.0036525554167 0.0001694449322070131
1.69699 0.0035836708333 0.0001670118541495322
1.70629 0.0034759491667 0.00016775702184743514
1.71559 0.0035424470833 0.00017083706758296667
1.72489 0.0035713570833 0.00017165842461985562
1.73419 0.0034657195833 0.00016967153206784175
1.74349 0.00346766125 0.00017032229946782636
1.75279 0.0035925129166999997 0.00017491500719796752
1.76208 0.0034126325000000002 0.00017172040036483505
1.77138 0.0034538595833 0.00017232385579267834
1.78068 0.0032948245833 0.0001742943944977406
1.78998 0.0033882495832999997 0.0001761885868124353
1.79928 0.0032880183332999998 0.00017264470703663753
1.80858 0.0033807658333 0.0001734333951160408
1.81788 0.0031128391667 0.00017624207941608098
1.82717 0.0029345583333 0.00017145336021820472
1.83647 0.0031240679167 0.0001769179814681581
1.84577 0.0031850091667 0.00017578346306867633
1.85507 0.0031590054167 0.00017422031245961417
1.86437 0.0033104858333 0.0001805547563353464
1.87367 0.0031533716667 0.0001815573505111006
1.88297 0.0029072366667 0.00018280322374004165
1.89226 0.0029544937500000003 0.00018484797364443973
1.90156 0.00283775125 0.00019040843054584985
1.91086 0.0028736616667000003 0.0001997084645672981
1.92016 0.00299944125 0.0002038175211207725
1.92946 0.0030608095832999997 0.00021559249044982663
1.93876 0.0029598195833 0.00020921325369930462
1.94806 0.002921495 0.00021200008009046928
1.95735 0.00294498875 0.00021621119525467086
1.96665 0.0026066883333 0.00021389196008244756
1.97595 0.00263174875 0.00021265061075081593
1.98525 0.0029035491667000002 0.000220818279976909
1.99455 0.0028899658332999997 0.00022558259306575755
2.00385 0.00241511625 0.00021841453905143888
2.01315 0.0024658733333 0.00023681824121379603
2.02244 0.00272248 0.00022865779298059157
2.03174 0.0026044287500000003 0.00022909230175095454
2.04104 0.0024900625 0.00023610093543967068
2.05034 0.0023785687499999998 0.00023418350158413637
2.05964 0.0022655508333 0.00023728456399240647
2.06894 0.0021987574999999997 0.0002491307903701472
2.07824 0.0025918358333 0.00025362229463994716
2.08753 0.00277918 0.00025268784013220233
2.09683 0.00266821375 0.0002635894257994255
2.10613 0.0025063179167 0.00026034289813417033
2.11543 0.0023963862500000002 0.00026329766099836424
2.12473 0.0024519670833000004 0.0002626418648595443
2.13403 0.002542605 0.000288110592087817
2.14333 0.0020112258333000003 0.00026516056030429766
2.15262 0.0019218491667000002 0.0002694688537431499
2.16192 0.00203216375 0.0003067020282967328
2.17122 0.00232178375 0.00028193105342478523
2.18052 0.00250061875 0.00031261352307503787
2.18982 0.0019558141667000003 0.00028949536651496445
2.19912 0.0016342329167 0.0003172201264941538
2.20842 0.0017403054167000002 0.0003136589689308888
2.21771 0.00194867625 0.0003031069148049256
2.22701 0.0019806904167 0.00033812599583556136
2.23631 0.0018722541667 0.000378160341032951
2.24561 0.0019777129167 0.0003302007582115115
2.25491 0.0019644979166999997 0.00036414399469591053
2.26421 0.00176634625 0.00034820276952365957
2.27351 0.0018906666667000002 0.0003945484934512502
2.2828 0.0016528033333 0.0003614940773714976
2.2921 0.0011170562499999998 0.0003976898758905301
2.3014 0.0017664383333000002 0.00038769916942771695
2.3107 0.0017826529167 0.0004127487124342007
2.32 0.0016854779167 0.0004247618161495221
2.3293 0.0017246679167000002 0.0004084044034871789
2.3386 0.0015211120833 0.00041267773530049786
2.3479 0.0013284204166999999 0.00047347297588557174
2.35719 0.0014279733333 0.00043302578210678057
2.36649 0.001695855 0.0005417632116013722
2.37579 0.00166409 0.0004609606923182796
2.38509 0.0018175870833 0.0005709286470788994
2.39439 0.0016757274999999999 0.0005456498025913548
2.40369 0.0012483858333 0.0005241643736117
2.41299 0.0014635420833 0.0006408630675715399
2.42228 0.0015415633333 0.0007491327979110578
2.43158 0.0012296225 0.0008350764168166673
2.44088 0.0015523179166999999 0.000705013507741039
2.45018 0.0020070541667 0.0008311959599601746
2.45948 0.0017236695833 0.0007793920639718808
2.46878 0.0022785704166999998 0.0007758929898078675
2.47808 0.0017717733333 0.0007927916503459425
2.48737 0.00141442375 0.0008862878883635841
2.49667 0.0016554125 0.0008657284885611922
2.50597 0.00160442875 0.0008457653209159446
2.51527 0.0016548749999999999 0.0008995209733212659
2.52457 0.0005408075000000001 0.000930941233711228
2.53387 3.2293749999999955e-05 0.0015052396424886441
2.54317 5.715749999999999e-05 0.002239429086728356
2.55246 0.0019180987499999998 0.00482074144395339
