nothing special
nothing special
273
0.0232465 0.0470666667 0.04433694545414748
0.0325451 0.03219475 0.013779287154532482
0.0418437 0.017938375 0.007355525807597689
0.0511423 0.01125775 0.004498486626661354
0.0604409 0.009282525 0.0030617437697607877
0.0697395 0.006397691667 0.0022204056785311683
0.079038 0.005325229167 0.0016059140072712233
0.0883366 0.005542929166999999 0.0013122482519475902
0.0976352 0.00456955 0.0011042521856190353
0.106934 0.00393455 0.0009461357395342154
0.116232 0.004622170833 0.0008536322029572758
0.125531 0.005271400000000001 0.0007882058235830033
0.13483 0.004884383333 0.0007194439899707298
0.144128 0.004450015 0.0006630961593048823
0.153427 0.0042981104167 0.0006201771680383648
0.162725 0.0039057754167 0.0005815666698123532
0.172024 0.0039944241667 0.0005563132697470383
0.181323 0.0039450941667 0.0005328752080528918
0.190621 0.0037865883333 0.0005114425186622621
0.19992 0.0038536733332999997 0.0004934350850349584
0.209218 0.0042927966667000005 0.0004849578833588557
0.218517 0.00415442 0.00046942080958364347
0.227816 0.0036036570833000003 0.00044852991478853857
0.237114 0.0036909254167000003 0.00043782650907490765
0.246413 0.0039485 0.0004314432935689683
0.255711 0.0038889287500000003 0.00042214972658421665
0.26501 0.0034122604167000003 0.0004043908146786944
0.274309 0.0038187325 0.00040257714848756197
0.283607 0.00375625625 0.0003945676701122242
0.292906 0.0036749962499999997 0.000385594510895155
0.302204 0.003429835 0.00037533859776529827
0.311503 0.0033018254167 0.00036713575215449303
0.320802 0.00315229625 0.00035909236613676407
0.3301 0.0032618675 0.0003546373191840221
0.339399 0.0030048016666999995 0.00034555011410341343
0.348697 0.0030698791667 0.00034215518154797524
0.357996 0.0033442854167 0.0003416482970532738
0.367294 0.0033827945833 0.0003363426865496353
0.376593 0.0035650879167 0.0003345532645316345
0.385892 0.00372226375 0.0003324041172820148
0.39519 0.0035361133333 0.0003257863806823576
0.404489 0.0034871766666999997 0.0003209264451814077
0.413787 0.0035336083333 0.00031784452381777324
0.423086 0.0034844491667 0.00031347424941338453
0.432385 0.00313139 0.00030554546729849726
0.441683 0.0033004370833 0.0003047501060397009
0.450982 0.00391953625 0.00030977676750878395
0.46028 0.00387757875 0.00030557842385331506
0.469579 0.00361838625 0.00029855972556839833
0.478878 0.00318470875 0.00029035145747735634
0.488176 0.0035597700000000003 0.00029174922496025485
0.497475 0.0038370870833 0.000292354977632605
0.506773 0.0038365916667 0.0002894833049444371
0.516072 0.0037038466667 0.000285672338216887
0.525371 0.0036914470833 0.0002825832901081341
0.534669 0.0033726612499999998 0.0002762927753173085
0.543968 0.00317091875 0.0002719247420023855
0.553266 0.0032460366667 0.00027036812901136794
0.562565 0.0033901491667 0.0002701464945427619
0.571864 0.0037553441667 0.00027208518907829917
0.581162 0.0036021716667000003 0.00026819765976915074
0.590461 0.0037905504167 0.0002681949977786975
0.599759 0.0039545670833 0.00026785080375861775
0.609058 0.0036847020833 0.00026253748572314494
0.618357 0.0034675458333 0.00025780156428872484
0.627655 0.00354065375 0.0002564089845472358
0.636954 0.00401910625 0.0002593787427894446
0.646252 0.0038143729167 0.0002555008442099355
0.655551 0.00381901625 0.0002538322750659533
0.664849 0.0042211208333 0.0002558232573969654
0.674148 0.0040098366667 0.0002519336518476731
0.683447 0.0039293633332999995 0.00024953526977441814
0.692745 0.0038769 0.00024736308047660456
0.702044 0.0038837729167 0.00024534770453743353
0.711342 0.0035020299999999997 0.00024009522616214629
0.720641 0.00341847625 0.00023805686987001174
0.72994 0.0033196545833000003 0.00023568347331313674
0.739238 0.0037041279167 0.00023781404157394064
0.748537 0.0037888941667000003 0.0002368059696157538
0.757835 0.00384820875 0.00023630151478508114
0.767134 0.0039542604167 0.00023555002486750853
0.776433 0.0038716270832999996 0.0002330960819440857
0.785731 0.0039693420832999995 0.0002325609631960806
0.79503 0.0040594608333 0.00023214642796964716
0.804328 0.0040368920833 0.00023093813676037023
0.813627 0.00389108 0.00022798617043216782
0.822926 0.0040230504167 0.0002277686801214387
0.832224 0.0041548783332999994 0.0002277260175813128
0.841523 0.0042478270833 0.00022712143519325114
0.850821 0.0039937120833000005 0.0002235337951428913
0.86012 0.0039196445833 0.00022227758704297757
0.869419 0.0040441525 0.00022246053869697292
0.878717 0.0040780333333 0.00022120485024193197
0.888016 0.0036543045833 0.0002163143194618322
0.897314 0.0037759233333 0.00021620461668047205
0.906613 0.0038895970833000004 0.00021617893254372703
0.915912 0.0041057720833 0.00021683459835946986
0.92521 0.0039616858333 0.00021409739043593104
0.934509 0.004068897083300001 0.00021383399726638915
0.943807 0.0041140875 0.00021354684132424964
0.953106 0.0040466116667 0.0002119032898426495
0.962405 0.0038998879167 0.00020968915701611446
0.971703 0.0038975816667 0.0002085187707132932
0.981002 0.0039717054167 0.00020926265235546638
0.9903 0.0042838191667000005 0.00021052017542189363
0.999599 0.00434928125 0.00020996184440513752
1.0089 0.0040602866667000005 0.0002064659940407896
1.0182 0.0041822720833 0.00020619958705939026
1.02749 0.0040209195833 0.00020365504289903506
1.03679 0.0040126679167 0.00020280594640542917
1.04609 0.0042877304167 0.00020444706062759942
1.05539 0.0042993079167 0.00020363040310356626
1.06469 0.0042940475 0.00020247137236522074
1.07399 0.0041771904167 0.00020068004009615433
1.08329 0.004040304999999999 0.0001986120390458769
1.09258 0.00390366125 0.00019689273853669637
1.10188 0.0040069466667 0.00019667704004152487
1.11118 0.0040971116666999995 0.00019643740588436167
1.12048 0.003896785 0.00019403872355941768
1.12978 0.0039776795833 0.00019397678953603635
1.13908 0.0039768120833 0.00019318417024085632
1.14838 0.00394516875 0.0001920469267728346
1.15768 0.004257607916700001 0.00019358895551983146
1.16697 0.00420034875 0.00019253517695410854
1.17627 0.0040515099999999995 0.00019053721825959926
1.18557 0.00434445125 0.00019195781099491427
1.19487 0.0045021125000000006 0.00019235444585629234
1.20417 0.0041946795833 0.00018909521146000122
1.21347 0.0040782933333 0.0001875621276430434
1.22277 0.0041020658333 0.00018723350741789126
1.23206 0.00418135125 0.00018698879056017773
1.24136 0.004148245 0.0001858871400663034
1.25066 0.0042212050000000004 0.0001857822064277327
1.25996 0.0041872645833 0.00018504270719486182
1.26926 0.0040793966667 0.00018363525753927918
1.27856 0.00392382625 0.00018165110525737035
1.28786 0.0039624520833 0.0001812101896399436
1.29715 0.0042487204167 0.00018263121696355316
1.30645 0.0042090775 0.00018175801520967205
1.31575 0.0040161370833 0.0001797481630286007
1.32505 0.0039485241667 0.00017857501022944643
1.33435 0.00413755875 0.00017929948515301456
1.34365 0.004113455416699999 0.00017856391433528518
1.35295 0.004104294166700001 0.00017779648651699542
1.36224 0.004239391666699999 0.00017806113900985528
1.37154 0.0043022237500000005 0.00017794433560109726
1.38084 0.00402095625 0.00017521652253747093
1.39014 0.0039506941667 0.00017438680828285385
1.39944 0.0039443425 0.00017379899137704135
1.40874 0.0039542250000000004 0.00017348652951810128
1.41804 0.0040061741667000005 0.00017332850822342923
1.42733 0.00411356375 0.0001734807885260248
1.43663 0.0041657270833 0.0001735160336833102
1.44593 0.0040090858333 0.00017172183285319313
1.45523 0.00388556375 0.00017024510373106851
1.46453 0.0039783491667 0.00017037775954684682
1.47383 0.00408492375 0.0001706139603114889
1.48313 0.0039508408333 0.0001690537026873839
1.49242 0.0040022075 0.00016867900934314152
1.50172 0.0041474129167 0.0001691210988387721
1.51102 0.0039685329167 0.0001674787405799978
1.52032 0.0038641554167000002 0.00016613751508716485
1.52962 0.0040271895833 0.00016672946009424857
1.53892 0.0038074758333 0.00016479828583470938
1.54822 0.0036056004167 0.00016285896215338503
1.55751 0.0037018954167 0.00016322576345341547
1.56681 0.0038825341667 0.0001638313992859848
1.57611 0.0038439833333 0.00016299335021956613
1.58541 0.0039355979167000005 0.0001633032457106878
1.59471 0.0039025583333 0.00016248276950529524
1.60401 0.0039768270833 0.00016237083151291807
1.61331 0.0039480416667 0.0001616452160863682
1.6226 0.0037115675 0.0001598302515962346
1.6319 0.00351759375 0.00015808071012316798
1.6412 0.00352057875 0.00015889014739359054
1.6505 0.0035381941667 0.00016271660998500533
1.6598 0.0036417954166999998 0.00016128915290794014
1.6691 0.0036833695833 0.0001636077487659962
1.6784 0.0035718391667 0.0001653289108754969
1.68769 0.0034715954167 0.0001687008372139692
1.69699 0.0034286908333 0.00016564763246462705
1.70629 0.0033841191667000003 0.0001668999114355075
1.71559 0.0033858520832999997 0.00016928410982144324
1.72489 0.0033638870833 0.0001700282166372551
1.73419 0.0033262195833 0.00016868518079766104
1.74349 0.00339366625 0.00016972216277603728
1.75279 0.0034570229167000003 0.00017497554506574285
1.76208 0.0033661475 0.00017123544636136835
1.77138 0.0032781345832999997 0.0001707924091813752
1.78068 0.0032628395833 0.0001735195334879722
1.78998 0.0032160295833 0.00017518306892754657
1.79928 0.0032082683333 0.00017193384135933296
1.80858 0.0032542258333 0.00017215499524725846
1.81788 0.0030923641667 0.0001752993488211164
1.82717 0.0030770583333 0.00017208449818896851
1.83647 0.0029972829167 0.0001759844934913973
1.84577 0.0029325941667 0.0001735403327357354
1.85507 0.0029312504167 0.00017244350078950805
1.86437 0.0029444758333 0.00017737395231325366
1.87367 0.0028218766667 0.00017868543238835192
1.88297 0.0028871466667 0.0001830316973462732
1.89226 0.00295744875 0.0001834559425777921
1.90156 0.00304993125 0.00019322998561236736
1.91086 0.0029294866667 0.00020044273691301038
1.92016 0.00286247625 0.00020300594759375598
1.92946 0.0026698945833 0.00021072289457651144
1.93876 0.0024573145833000003 0.00020421999598340288
1.94806 0.0027247599999999997 0.00021044923217449347
1.95735 0.00300346875 0.00021526699432329211
1.96665 0.0028184733333 0.00021576483828783977
1.97595 0.00243707875 0.00021033048903297858
1.98525 0.0024987591667 0.00021621818215036864
1.99455 0.0027237758332999996 0.0002238698018457364
2.00385 0.00267047125 0.00022203416989063216
2.01315 0.0022771383333 0.000233822311002164
2.02244 0.002070705 0.00022155583267212208
2.03174 0.00234182875 0.00022629817833849422
2.04104 0.0025777574999999997 0.00023698270237090135
2.05034 0.0027811487500000003 0.00023994087220228472
2.05964 0.0025765958333000003 0.00024101609806432176
2.06894 0.0021062825 0.00024675198656598084
2.07824 0.0021434508333 0.0002514026503497039
2.08753 0.002041705 0.0002433301686896902
2.09683 0.00203528375 0.0002530475423845659
2.10613 0.0021307529167 0.0002521087858196875
2.11543 0.00239528625 0.000262358649808971
2.12473 0.0024213520833 0.0002617257949413358
2.13403 0.0022860800000000002 0.0002795846319981187
2.14333 0.0019049258333000002 0.0002631513662402696
2.15262 0.0017603341667000003 0.000266723287721121
2.16192 0.00149686875 0.00030214901919731955
2.17122 0.00186050375 0.0002747386565290074
2.18052 0.00214162375 0.0003035830103633159
2.18982 0.0018540041667 0.0002872178499987823
2.19912 0.0017314829167 0.0003191814008097149
2.20842 0.0020100204167 0.0003141797970526804
2.21771 0.00184560125 0.00030103168070879093
2.22701 0.0016530804167 0.00032637043321095635
2.23631 0.0020381241667 0.00038159494917883516
2.24561 0.0017348329167000002 0.0003258931424836907
2.25491 0.0018731679167 0.00036378583971986253
2.26421 0.00197955625 0.00035177625335523934
2.27351 0.0020053516667 0.00042371126962368705
2.2828 0.0017285683333000002 0.0003640724280948107
2.2921 0.00164004625 0.0004215948965888942
2.3014 0.0017310033333 0.00038489834819604486
2.3107 0.0020183129166999997 0.00044404680771878663
2.32 0.0016587329167000002 0.0004250141952242131
2.3293 0.0014738129166999999 0.00040195392602033315
2.3386 0.0017966020832999997 0.00041866421621618543
2.3479 0.0021702654167000002 0.0005105806335865156
2.35719 0.0016699633333 0.00043034155539691416
2.36649 0.001320735 0.0005052141231235295
2.37579 0.001659485 0.00045976296516216233
2.38509 0.0016118370832999998 0.0005656211347213288
2.39439 0.0013999074999999999 0.0005342160099407769
2.40369 0.0019128608333 0.0005494471415012726
2.41299 0.0012892820832999998 0.0006553481720915384
2.42228 0.0016210983332999999 0.0008460671503655668
2.43158 0.0017174224999999999 0.0008499772030642732
2.44088 0.0009234629167 0.0006930532452436395
2.45018 0.0012546891667 0.000805717643053525
2.45948 0.0010619545832999998 0.0007549209453834361
2.46878 0.0005921554167 0.0007150256652653966
2.47808 0.0007394883333 0.0007457245444897744
2.48737 0.00154289875 0.0008566030708307961
2.49667 0.0027530725000000002 0.0009267528439652944
2.50597 0.00102146875 0.0008180089349809948
2.51527 0.00039642500000000005 0.0008489777694290776
2.52457 0.0011694275 0.0009755465169293629
2.53387 0.00138384875 0.0016568257531561663
2.54317 0.0018029874999999998 0.002516305074240776
2.55246 -0.0004777262499999999 0.004167237948716311
