nothing special
nothing special
273
0.0232465 -0.0032483332999999996 0.04376452334397391
0.0325451 0.02981525 0.013807944332592545
0.0418437 0.016047875 0.00736755424542495
0.0511423 0.01297775 0.004535809900133139
0.0604409 0.006291525 0.0030374265467710097
0.0697395 0.005206591667 0.0022146689698644413
0.079038 0.006325679167 0.001629040854787668
0.0883366 0.0065811291669999996 0.001335367469848801
0.0976352 0.00369835 0.001096356349174303
0.106934 0.00392625 0.0009512153212189711
0.116232 0.004714370833 0.0008598647795807739
0.125531 0.0049086500000000005 0.0007851488806871592
0.13483 0.004881583333 0.0007231814378978489
0.144128 0.0040637649999999996 0.0006596786731747208
0.153427 0.0038468104167 0.0006156919501939227
0.162725 0.0042661754167 0.0005911373106365567
0.172024 0.0043730741667 0.0005669086963445944
0.181323 0.0044180941667 0.0005439965946760858
0.190621 0.0041892983333 0.0005211745254974268
0.19992 0.0035591933333 0.0004913996805379832
0.209218 0.0037259066667 0.00047830778983093473
0.218517 0.004030625 0.00046998421623049597
0.227816 0.0041519870833 0.0004599636723195112
0.237114 0.004306005416700001 0.00045047835682592117
0.246413 0.004132235 0.0004369216890556638
0.255711 0.00314395375 0.0004116259482373271
0.26501 0.0033206254167 0.0004052785102932181
0.274309 0.0038830625000000002 0.000405745057750306
0.283607 0.00396651625 0.00039963541831099616
0.292906 0.00358009625 0.00038620590867072876
0.302204 0.00315981 0.00037339915179812556
0.311503 0.0036764654167 0.0003755774872062529
0.320802 0.00381146125 0.00037149033829354447
0.3301 0.0035501875 0.00036060366533120303
0.339399 0.0036175166667 0.0003563204681898762
0.348697 0.0037615441667000005 0.0003540832122176992
0.357996 0.0038159954167 0.00035022404902421893
0.367294 0.0036105245833 0.00034187041163354846
0.376593 0.0036350729167000002 0.0003379591753967276
0.385892 0.00386102375 0.0003366732784400307
0.39519 0.0038715133332999996 0.00033206373154865467
0.404489 0.0036936366667 0.00032568446622571664
0.413787 0.0035919483332999998 0.0003203587083113313
0.423086 0.0033625291667 0.0003137191121362042
0.432385 0.003425625 0.0003112979172699237
0.441683 0.0035598570833 0.0003098129099456285
0.450982 0.00347391625 0.0003061096617203351
0.46028 0.0035791137499999997 0.00030348524479832157
0.469579 0.00358476125 0.00030014290106759753
0.478878 0.0035940037499999997 0.00029711790992262375
0.488176 0.00401903 0.0002994503325428655
0.497475 0.0042157270832999996 0.0002985299274585345
0.506773 0.0035982166667000003 0.0002881560146764364
0.516072 0.0034384716667 0.0002839518782090508
0.525371 0.0035584970833 0.0002826912087078175
0.534669 0.00371774125 0.0002816533210498403
0.543968 0.0039006187500000003 0.00028192485244488163
0.553266 0.0039246816667 0.0002797220986463934
0.562565 0.0037758291667000002 0.0002758510348098679
0.571864 0.0038774241667 0.0002743035613801807
0.581162 0.0036139866667000003 0.000269796614168366
0.590461 0.0035919204167 0.0002671160199806457
0.599759 0.0035705970832999997 0.0002649845579309356
0.609058 0.0037045770833 0.00026389980224615617
0.618357 0.0036190258333 0.00026068702810875605
0.627655 0.0038419087500000003 0.00026139675422532136
0.636954 0.00388058625 0.0002598399557891906
0.646252 0.0039169129167000005 0.0002582359264187897
0.655551 0.00375924125 0.00025465029243896815
0.664849 0.0036385108333000004 0.0002514021261597629
0.674148 0.0034711866667 0.0002477950479642757
0.683447 0.0037165783332999995 0.00024888609835185967
0.692745 0.003914115 0.0002494834398452534
0.702044 0.0038509379167000002 0.0002467971875125214
0.711342 0.003565355 0.0002423321426864709
0.720641 0.00347650625 0.00023996368910934608
0.72994 0.0038044895833 0.00024173655706122917
0.739238 0.0038494379167000005 0.0002405076196482742
0.748537 0.0037234891667 0.0002376497074462189
0.757835 0.00365376875 0.00023571844317958466
0.767134 0.0036810654167 0.00023430659898267036
0.776433 0.0038181020833 0.00023412722463520726
0.785731 0.0036877920833 0.00023145168990190172
0.79503 0.0036555158333 0.00022981576228993218
0.804328 0.0037608370833 0.00022957193220578435
0.813627 0.003876065 0.00022907134170377597
0.822926 0.0036096404167 0.00022520190596986552
0.832224 0.0037956083333 0.00022566151103402924
0.841523 0.0041194370833 0.00022728702167853007
0.850821 0.0042665470833 0.0002273643812304487
0.86012 0.0040550145833 0.0002253548265865086
0.869419 0.0036624175 0.00022010293059904304
0.878717 0.0037403733333 0.0002196591254496723
0.888016 0.0036751595833 0.00021831280439211785
0.897314 0.0040905683333 0.00022042840954258764
0.906613 0.0041084170833 0.0002192823833389318
0.915912 0.0039349220833 0.00021640192010171494
0.92521 0.0039318458333 0.00021504277008239445
0.934509 0.0040191720833 0.00021472543646045353
0.943807 0.0041903324999999995 0.00021531822851187567
0.953106 0.0042621466667 0.00021487578376098028
0.962405 0.0038955629166999997 0.00021090182796371594
0.971703 0.0039719966667 0.00021062059104104248
0.981002 0.004167980416700001 0.00021165966027057118
0.9903 0.0040330691666999995 0.00020939708193261765
0.999599 0.00406134625 0.0002082828690125683
1.0089 0.0040471666667 0.00020716847983472055
1.0182 0.0040896720833 0.00020621885254888236
1.02749 0.0039872895833 0.00020464032398481342
1.03679 0.0037955879167 0.0002024878699238123
1.04609 0.0037960554167 0.00020136909179212378
1.05539 0.0040033179167 0.00020204203265335725
1.06469 0.0040757525 0.00020183510409807132
1.07399 0.0041181154167 0.00020135080734304774
1.08329 0.0041064199999999995 0.00020007418314771087
1.09258 0.00412240625 0.00019963213397233482
1.10188 0.0042353266667 0.00019962083182769395
1.11118 0.0040660416667 0.00019742471910540215
1.12048 0.00395718 0.00019595829808722231
1.12978 0.0040135595833 0.00019569046138836395
1.13908 0.0040617570833 0.00019490541266338113
1.14838 0.004294138750000001 0.00019580379622071532
1.15768 0.0041126579167 0.00019359608126486691
1.16697 0.00397867375 0.00019187886337787495
1.17627 0.00398223 0.00019118697663954393
1.18557 0.00403424625 0.00019080808523170263
1.19487 0.0040654675 0.00019031564036238178
1.20417 0.004047869583299999 0.0001893359969819351
1.21347 0.0042017233333 0.00018966462766149472
1.22277 0.0039308708333 0.00018700264411929942
1.23206 0.00392203125 0.00018621391822679084
1.24136 0.004290995000000001 0.00018801880627292427
1.25066 0.004307844999999999 0.00018753780829957096
1.25996 0.0040827995833 0.00018529921840667343
1.26926 0.0040182066667 0.00018416406638596528
1.27856 0.004125331249999999 0.00018413877409421083
1.28786 0.0042236170832999995 0.00018411619266934831
1.29715 0.0043141754167 0.00018415731952630725
1.30645 0.0042377175 0.00018304513178085474
1.31575 0.0042522320833000005 0.00018245322405878532
1.32505 0.0041409441667 0.0001810608030043629
1.33435 0.00404365875 0.00017966201384468088
1.34365 0.0039558604166999994 0.0001784604361605201
1.35295 0.0041340091667 0.00017907512443047748
1.36224 0.0043892966667 0.00018006237222007736
1.37154 0.0042032087499999995 0.00017829941399998355
1.38084 0.0042567512499999995 0.00017799133875093104
1.39014 0.0044263541667 0.00017886415851266376
1.39944 0.0043026075 0.00017750414807540362
1.40874 0.004060055 0.00017524376554463054
1.41804 0.0041063291667 0.0001750070178216977
1.42733 0.00412548875 0.0001746416361992658
1.43663 0.0041190320833 0.00017428462176103285
1.44593 0.0041434858333 0.0001739266783947594
1.45523 0.00403215875 0.0001724687937141721
1.46453 0.0039599341667 0.0001713747002305187
1.47383 0.00404205875 0.00017116718883629405
1.48313 0.0040084058333 0.00017031902312728556
1.49242 0.0040438725 0.00017004702650212574
1.50172 0.0039051479167 0.00016855648652974335
1.51102 0.0040135679167 0.00016873323627594676
1.52032 0.0039593854167 0.0001678158182675959
1.52962 0.0039742295833000004 0.0001673424318501984
1.53892 0.0040711308333 0.00016766273365026604
1.54822 0.0040295254167 0.0001669170527654466
1.55751 0.0039686504167 0.0001659946966498323
1.56681 0.0038198041667 0.0001644340067114868
1.57611 0.0038126783333 0.00016375042702046892
1.58541 0.0039398829167 0.00016416454222169003
1.59471 0.0037133283332999997 0.00016213750285015867
1.60401 0.0036240570832999997 0.00016103227377536802
1.61331 0.0036482266667 0.00016068980215276166
1.6226 0.0035262925 0.0001595187654895653
1.6319 0.00365615875 0.00015981236738185306
1.6412 0.0036246887499999996 0.000160674363113985
1.6505 0.0036225141667 0.000165161726993181
1.6598 0.0036044304167 0.00016197554289487429
1.6691 0.0034773295833 0.00016304609347302722
1.6784 0.0034904991667000004 0.00016593984271240776
1.68769 0.0037235604167 0.00017118945317828136
1.69699 0.0036187458333 0.00016808371719869604
1.70629 0.0034955541667 0.00016878164725977291
1.71559 0.0035307220832999997 0.0001717887247424555
1.72489 0.0034896670833 0.0001710271119941131
1.73419 0.0034138645833 0.00017020573259612652
1.74349 0.0035037112500000004 0.0001714649700448545
1.75279 0.0034426829167 0.00017383838562298003
1.76208 0.0034763075000000003 0.0001730393969024604
1.77138 0.0034321495833 0.0001729666931912549
1.78068 0.0032446245833 0.00017433104685177404
1.78998 0.0031359545833 0.00017502381499920176
1.79928 0.0030861633333 0.00017253848067997924
1.80858 0.0031079208333 0.0001720565547124209
1.81788 0.0032323141667 0.00017718484254491946
1.82717 0.0030902983332999996 0.0001736301918015426
1.83647 0.0029446529167 0.00017657885700741037
1.84577 0.0030481691667 0.0001752350797813895
1.85507 0.0030103854167 0.00017427706562736793
1.86437 0.0030359408333 0.0001788119781261006
1.87367 0.0029900466667 0.0001806841866430044
1.88297 0.0029010016667 0.00018390486497229684
1.89226 0.0028756487500000002 0.00018404158877013686
1.90156 0.0027681612499999998 0.00019195059124052022
1.91086 0.0028143166666999998 0.0002006540284989707
1.92016 0.0027781462500000003 0.00020159763951712453
1.92946 0.0029431845833 0.000211825800321061
1.93876 0.0028573245833 0.0002090370229234465
1.94806 0.002610695 0.00021070681013160686
1.95735 0.00272616375 0.00021239175821753043
1.96665 0.0028575433333 0.00021796637427475444
1.97595 0.00255614875 0.0002134012295173789
1.98525 0.0025657691667 0.0002202692954719088
1.99455 0.0024527408333000003 0.00022280910755547408
2.00385 0.00248079625 0.00022226414831937204
2.01315 0.0025118683333 0.0002400919217372062
2.02244 0.00251777 0.0002285696166857702
2.03174 0.0024241437499999997 0.0002287160326928128
2.04104 0.0022927775 0.00023761241866100653
2.05034 0.00223533375 0.00023414177383143003
2.05964 0.0025044108333000005 0.00024068166965553905
2.06894 0.0026121825 0.00025742148677946095
2.07824 0.0027857808333 0.00025742421803445553
2.08753 0.0024623 0.0002516046430126779
2.09683 0.00235334375 0.00025949154666930774
2.10613 0.0021288729167 0.0002564746857734385
2.11543 0.0022781862499999996 0.0002634338660343214
2.12473 0.0022977820833000005 0.00026246780773675113
2.13403 0.00249376 0.00028572549854955257
2.14333 0.0022567208333000004 0.0002693308687857368
2.15262 0.0018039141667 0.00026890439352425505
2.16192 0.00161528875 0.0003077705398541845
2.17122 0.0020858887499999998 0.00028062668127622165
2.18052 0.00227700375 0.0003125867185549265
2.18982 0.0020789091667 0.0002918576880449941
2.19912 0.0017808729167 0.00032280386003648314
2.20842 0.0018221604167000002 0.00031218881892514506
2.21771 0.0022954012499999997 0.0003098132896317429
2.22701 0.0019126254167 0.0003359324600474679
2.23631 0.0018642591667000002 0.0003841306760007027
2.24561 0.0020737579166999996 0.0003351841364599087
2.25491 0.0019886429167 0.00037888896969572153
2.26421 0.00186328125 0.0003508947120070075
2.27351 0.0018344916667 0.00040735192440235633
2.2828 0.0016764483333 0.00036316764380738166
2.2921 0.00197136125 0.0004264977634943408
2.3014 0.0019251533333 0.00039181367578107565
2.3107 0.0017104479167000001 0.0004208446096668429
2.32 0.0020348179167 0.00043745109287658386
2.3293 0.0017245979167000002 0.00040878555821236354
2.3386 0.0016134670833 0.0004167301527262962
2.3479 0.0015560054167 0.0004897139509788949
2.35719 0.0011738883333000001 0.00043363320169636013
2.36649 0.0012197900000000001 0.0005196605738375667
2.37579 0.001024335 0.0004449117140361868
2.38509 0.0015349120833 0.0005513994482959801
2.39439 0.0010901975 0.0005183064688477705
2.40369 0.0010119658332999998 0.0005194562734065351
2.41299 0.0011596420833 0.0006565663911397304
2.42228 0.0011640283333000001 0.0007949676060574374
2.43158 0.0006753074999999999 0.0007135907432344037
2.44088 0.0013073929167 0.0007045660406659633
2.45018 0.0014584391667 0.0008111716434236344
2.45948 0.0006981695833 0.0007565189129408138
2.46878 0.0006670854167 0.0007215030424431841
2.47808 0.0008222983333 0.0007584693841610272
2.48737 0.00132283875 0.0008603030468530121
2.49667 0.0021202575 0.0009379703468635298
2.50597 0.00128868375 0.0008343634364835192
2.51527 0.0008479350000000001 0.0008716138985078855
2.52457 0.0006075475 0.0009551213820888318
2.53387 0.0016176437499999998 0.001729400308182922
2.54317 0.0032026275 0.002767840358175292
2.55246 0.0014276537500000001 0.004722131917278031
