nothing special
nothing special
273
0.0232465 0.0090316667 0.04379241941771175
0.0325451 0.02074125 0.013686406717687257
0.0418437 0.017534374999999998 0.007356000599254199
0.0511423 0.01631325 0.004557674195096285
0.0604409 0.011117525 0.0030897816023388756
0.0697395 0.008486741667 0.0022535952302117903
0.079038 0.008257729166999999 0.0016518439018218221
0.0883366 0.0071901791669999994 0.0013399251030951256
0.0976352 0.0056374500000000004 0.001123317487812681
0.106934 0.004777399999999999 0.0009619818380151948
0.116232 0.004023070833000001 0.000842677956132246
0.125531 0.003966900000000001 0.0007639381610328183
0.13483 0.004112933333 0.0007050535100315871
0.144128 0.003764865 0.000650808828389869
0.153427 0.0040843104167 0.0006171930118644654
0.162725 0.0041132754167000005 0.0005861871588993382
0.172024 0.0042712241667 0.0005623934149034963
0.181323 0.0044488441667 0.000542375718646554
0.190621 0.0046964333333 0.0005273677016900429
0.19992 0.0043156533333 0.0005027114734942182
0.209218 0.0045588716667 0.0004906162903731594
0.218517 0.0044989850000000005 0.0004755426328849794
0.227816 0.0043132120833 0.00046054185852247763
0.237114 0.0044845554167 0.00045183013091095896
0.246413 0.00406577 0.00043401013523568997
0.255711 0.00361466375 0.000417643973695581
0.26501 0.0038508454167 0.0004118129102547577
0.274309 0.0039293425 0.0004046020236954255
0.283607 0.00338352625 0.00038867715095170126
0.292906 0.00371920125 0.0003865164648106736
0.302204 0.003718115 0.0003805275971657056
0.311503 0.0035318054167 0.00037145578013998514
0.320802 0.00337884625 0.0003628784043305325
0.3301 0.0033458224999999998 0.00035607466229332956
0.339399 0.0036805566667 0.0003558301972038196
0.348697 0.0036060441667000002 0.0003505000669176011
0.357996 0.0032419954167 0.0003404645306550037
0.367294 0.0034082645833 0.00033731544608156007
0.376593 0.0033797429167000004 0.0003322986760872726
0.385892 0.00390914375 0.0003352739771341956
0.39519 0.0039683683332999995 0.0003323004958530716
0.404489 0.0039630516666999994 0.00032771071177238744
0.413787 0.0042032683333 0.00032693273641593577
0.423086 0.0038590541667 0.00031895390528998037
0.432385 0.003739025 0.00031420838821203046
0.441683 0.0039271620833 0.00031309850930427794
0.450982 0.0035892712499999996 0.00030560919557325326
0.46028 0.00348487875 0.00030099420004799874
0.469579 0.00334266625 0.0002956998195389451
0.478878 0.00326540375 0.00029183353854944367
0.488176 0.0035900050000000003 0.0002925925487208055
0.497475 0.0034945470833 0.00028880885467154923
0.506773 0.0037532716666999998 0.00028901682651805524
0.516072 0.0038928066667000003 0.0002879752401639892
0.525371 0.0038147570833 0.0002842155193679509
0.534669 0.0037603212500000004 0.000281117496315535
0.543968 0.00374134875 0.00027978123378073386
0.553266 0.0037652166667 0.0002771740843745066
0.562565 0.003922769166700001 0.00027626695541691426
0.571864 0.0039588091667 0.00027404120883650813
0.581162 0.0038390516667000003 0.0002704395141074626
0.590461 0.0038171704167 0.00026858959782220104
0.599759 0.0036886320833 0.0002653506705363534
0.609058 0.0036846070833 0.0002629268672856457
0.618357 0.0036714808332999997 0.00026045185863798496
0.627655 0.00373516375 0.000258954639576727
0.636954 0.00384778625 0.0002578293730417169
0.646252 0.004027447916700001 0.00025805296349147794
0.655551 0.004000971250000001 0.0002559940374932265
0.664849 0.0041819658332999995 0.00025555782074710814
0.674148 0.0041355616667 0.0002533757391693383
0.683447 0.0039371883333 0.000249978054175182
0.692745 0.003975365 0.00024903490683622913
0.702044 0.0041556879167000006 0.0002486661466998512
0.711342 0.004142725 0.0002469664220083859
0.720641 0.00378981625 0.00024235245894960866
0.72994 0.0037678445832999997 0.00024057708436204582
0.739238 0.0038084479167 0.0002392027097564778
0.748537 0.0040825041667 0.00023999539489149923
0.757835 0.00409422375 0.00023870812975591702
0.767134 0.0036779604167 0.00023336241469052623
0.776433 0.003943112083299999 0.0002341756904985004
0.785731 0.0037958520833 0.00023118025056409854
0.79503 0.0038403958333 0.00023034427795346193
0.804328 0.004256937083299999 0.00023322025962437933
0.813627 0.0041465600000000005 0.0002306070041081883
0.822926 0.0039864704167 0.00022763383698822898
0.832224 0.0042131783333 0.0002284537166501071
0.841523 0.0040240220833 0.0002253482641209476
0.850821 0.0038519720833 0.0002226416677057927
0.86012 0.0037763145833 0.00022116617694455446
0.869419 0.0038296025 0.0002205867871080281
0.878717 0.0040797433333 0.00022152382197100927
0.888016 0.0043064945833 0.00022245958637787122
0.897314 0.0040529783333 0.00021889672085203046
0.906613 0.0039393420833 0.0002166424748373822
0.915912 0.0041468570833 0.00021724746643591583
0.92521 0.0041636008333 0.00021638449854902245
0.934509 0.0041258720833 0.0002148341634147908
0.943807 0.0040335775 0.00021300151574296354
0.953106 0.0039653416667 0.00021139246653586652
0.962405 0.0039281979167 0.0002100989027112438
0.971703 0.0041881966667 0.00021135311379272636
0.981002 0.0040181504167 0.0002095784003895053
0.9903 0.0039942041667000005 0.00020839801409913922
0.999599 0.00404290125 0.0002077689640630699
1.0089 0.0038269566667 0.00020465065865526085
1.0182 0.0038948370833 0.00020373032601723627
1.02749 0.0038448395832999995 0.00020237662708349907
1.03679 0.0039437279167 0.00020249532041062177
1.04609 0.0042192654167 0.00020401206444696247
1.05539 0.0043172379167000004 0.00020389383993077122
1.06469 0.0043217325 0.0002028767292533536
1.07399 0.0041940954167 0.00020100204933374462
1.08329 0.004035475 0.00019867503686033807
1.09258 0.00393788125 0.0001972820565543094
1.10188 0.0040884366667 0.00019749807408684655
1.11118 0.0041335466667 0.0001970865669555763
1.12048 0.004241385 0.00019732570007119257
1.12978 0.0041647745833 0.00019603029971108183
1.13908 0.0040166020833 0.0001937160481830212
1.14838 0.00414205875 0.0001938373329233799
1.15768 0.0041403429167 0.00019300048500855117
1.16697 0.00406906375 0.00019160765311119267
1.17627 0.004380515 0.00019320949802700395
1.18557 0.004175506250000001 0.00019096135423751334
1.19487 0.0041889875 0.00019011937804354096
1.20417 0.0041529145833 0.00018907873301915657
1.21347 0.0042412633333 0.0001890484656021993
1.22277 0.0042421858333 0.00018841922639685236
1.23206 0.00411188125 0.00018663005872822586
1.24136 0.004262755 0.00018699757449371491
1.25066 0.004218245 0.00018610743118938736
1.25996 0.0042284295833 0.00018559906915307798
1.26926 0.004087551666700001 0.00018379545674187652
1.27856 0.0041670562500000004 0.00018355897221843077
1.28786 0.0043660720833 0.00018432356368984346
1.29715 0.0043606104167 0.00018357835800085582
1.30645 0.0042751625000000005 0.00018236549287617708
1.31575 0.004325087083300001 0.0001821368378937503
1.32505 0.004418729166700001 0.00018221935750550254
1.33435 0.00421631375 0.00018014208588793714
1.34365 0.004218025416699999 0.0001795029347574194
1.35295 0.0041943541667 0.00017866225321877565
1.36224 0.004377706666699999 0.00017922605999452844
1.37154 0.00429254875 0.0001780083901294355
1.38084 0.0042449062499999995 0.00017701108694744366
1.39014 0.0041043191667 0.00017585549032248372
1.39944 0.0043129875000000005 0.00017651630978188508
1.40874 0.00405031 0.00017423674945793734
1.41804 0.0037603741667 0.00017179711786371977
1.42733 0.00391496875 0.00017242719324924902
1.43663 0.0041342520833 0.00017364662666862805
1.44593 0.0042782358333 0.0001738499759808815
1.45523 0.0041655237500000004 0.0001723277718857317
1.46453 0.004111459166700001 0.0001713594360415158
1.47383 0.00408674375 0.0001708225444978165
1.48313 0.0042215858333 0.00017115058921102897
1.49242 0.0041800875000000005 0.00017008612319626096
1.50172 0.0040216879167 0.00016843003463984705
1.51102 0.0039871579167000005 0.00016771772713073343
1.52032 0.0040647604167 0.00016766938675572614
1.52962 0.0039658345833 0.00016655000777328558
1.53892 0.0039551008333 0.00016601137240854745
1.54822 0.0038346204167 0.00016468664990305446
1.55751 0.0038217104167000003 0.00016401271250527722
1.56681 0.0038436291667000005 0.00016360137884967755
1.57611 0.0039598683333 0.0001639640879919359
1.58541 0.0039459029167 0.00016338532559398113
1.59471 0.0036807333333 0.00016113828330384085
1.60401 0.0037522920832999997 0.0001611043648132969
1.61331 0.0037671066667 0.0001606977142380613
1.6226 0.0036751425 0.00015969501029224019
1.6319 0.00366627375 0.00015912547993884163
1.6412 0.00366705375 0.00016009991977949318
1.6505 0.0037083141667 0.0001633141398608222
1.6598 0.0039236804167 0.00016334445533368105
1.6691 0.0037564495832999997 0.00016414565794788406
1.6784 0.0036654841667000003 0.00016617261862528288
1.68769 0.0035866904167 0.0001697534476297968
1.69699 0.0037400808333 0.000168120442528548
1.70629 0.0038609191667 0.00017070319078703368
1.71559 0.0035141370833 0.00017116281849407025
1.72489 0.0034596670833 0.0001706340736733494
1.73419 0.0035212145833000003 0.0001702135738096914
1.74349 0.00351547625 0.0001708062984092557
1.75279 0.0035850629166999997 0.00017514237271878589
1.76208 0.0037440825 0.00017432261198651098
1.77138 0.0035062045833 0.00017269875106057695
1.78068 0.0032486695833 0.00017345802799865565
1.78998 0.0032872245833 0.00017534100487100868
1.79928 0.0032820433332999997 0.00017275912941002664
1.80858 0.0033992358332999998 0.0001734857480519929
1.81788 0.0032480241666999997 0.0001763129359635152
1.82717 0.0031480433333 0.00017301822324832593
1.83647 0.0030822229167 0.000176197319772291
1.84577 0.0031393091667 0.0001757118247410582
1.85507 0.0033059254167000004 0.00017557185884598458
1.86437 0.0032312358333 0.0001800979243980599
1.87367 0.0030093066666999997 0.000180815886743326
1.88297 0.0029063966667000002 0.00018385060872253434
1.89226 0.00298431875 0.0001839615582776079
1.90156 0.00288434625 0.00019244466751890943
1.91086 0.0027805716667 0.00019682973966608886
1.92016 0.0029567712500000003 0.00020429864192260004
1.92946 0.0029489695833 0.00021128636602205355
1.93876 0.0029636445833 0.00020837986026379647
1.94806 0.0029967350000000004 0.0002158774858193471
1.95735 0.0028923787499999997 0.00021466743682960424
1.96665 0.0026988633332999997 0.00021672191427213677
1.97595 0.00259081875 0.0002121163593969647
1.98525 0.0026955291667 0.00021977409191628546
1.99455 0.0026319258333 0.00022230248562399651
2.00385 0.00265201125 0.00022279644277995152
2.01315 0.0025839883333 0.00023774328856874182
2.02244 0.00242558 0.00022545312292768444
2.03174 0.00239223875 0.00022714224699420948
2.04104 0.0026396225 0.0002369509951709846
2.05034 0.0026078737499999997 0.00023750750818248654
2.05964 0.0020871558333 0.000235106280615656
2.06894 0.0022368825 0.0002509734958850459
2.07824 0.0023329558333000005 0.0002521229743477306
2.08753 0.00241816 0.00024778054473753217
2.09683 0.00250458375 0.0002566405223729453
2.10613 0.0023512629166999996 0.00025864534448647423
2.11543 0.00229227625 0.00026520463294341795
2.12473 0.0022028370833 0.0002600808269220881
2.13403 0.002140795 0.00028096315895720944
2.14333 0.0021105258333 0.0002658341905373918
2.15262 0.0022516091667 0.0002728697360657388
2.16192 0.00215695375 0.00030671370121759865
2.17122 0.0021759137500000003 0.00027976494916474333
2.18052 0.00215976375 0.0003052387128471457
2.18982 0.0020025091666999997 0.0002889188440565669
2.19912 0.0018447129166999999 0.0003241497127244196
2.20842 0.0018953054167000001 0.0003120314638597877
2.21771 0.00193035625 0.0003035946439595852
2.22701 0.0018177604167 0.00033395646375785303
2.23631 0.0020582691667 0.000378653756587873
2.24561 0.0022116479167 0.00034248997601694583
2.25491 0.0021325929166999998 0.0003712456632931046
2.26421 0.00189565125 0.0003482174770711112
2.27351 0.0015344866667000002 0.00038486994602299375
2.2828 0.0016531633333 0.0003598008866959172
2.2921 0.00171096625 0.00041218118316793234
2.3014 0.0018041583333 0.0003863340511844988
2.3107 0.0016865379166999999 0.0004176885852306911
2.32 0.0015647329167 0.000409916529558465
2.3293 0.0017398829167 0.0004100739926180033
2.3386 0.0014848170833 0.0004097484797318855
2.3479 0.0016146504167 0.0004883902718994148
2.35719 0.0017634383333 0.00044332973054932065
2.36649 0.001886235 0.0005300202859823739
2.37579 0.0017131400000000001 0.00045804601832320324
2.38509 0.0016453570832999998 0.0005526098703692421
2.39439 0.0020374675 0.0005470911125371778
2.40369 0.0016013358333 0.0005305568996482361
2.41299 0.0013768120833 0.0006584798276533854
2.42228 0.0018239833333 0.0008086243334644804
2.43158 0.0015652975 0.0008185750843495487
2.44088 0.0009720629167000001 0.0006963122500441199
2.45018 0.0017859841666999997 0.0008471560322121237
2.45948 0.0015660995833 0.0007739567568525049
2.46878 0.0011570304167 0.0007412002630351186
2.47808 0.0003821733333 0.0007436305810545603
2.48737 0.00125476375 0.0009040354525644725
2.49667 0.0022836875 0.0009166895413703013
2.50597 0.00201556875 0.0008693127796610846
2.51527 0.000910255 0.0008527568413338672
2.52457 0.0003358525 0.0008955842838027173
2.53387 0.00171915375 0.0016833172808287862
2.54317 0.0024259925000000002 0.002782494736237329
2.55246 0.00347207375 0.0052046583005935804
