nothing special
nothing special
273
0.0232465 0.0401766667 0.04370560127851408
0.0325451 0.0388805 0.01366268872523171
0.0418437 0.018223875 0.007269214956806804
0.0511423 0.014477 0.00447882151631792
0.0604409 0.009297025 0.0030249103089142757
0.0697395 0.007463216667 0.0022077308494780974
0.079038 0.004728079167 0.00157638468928497
0.0883366 0.0036680041670000005 0.001265269380833209
0.0976352 0.0038847250000000003 0.0010789291748823698
0.106934 0.003245175 0.0009206056051262873
0.116232 0.002363395833 0.0007990641921027115
0.125531 0.0026541 0.000727213217123704
0.13483 0.0029871333330000003 0.0006734850382436391
0.144128 0.002312265 0.0006129598406543033
0.153427 0.0023376804167 0.0005733260568498084
0.162725 0.0027197704167 0.0005493064940809645
0.172024 0.0023505891667 0.0005167891203990038
0.181323 0.0026880816666999996 0.0005014630768346688
0.190621 0.0031601558333000006 0.0004915970181573668
0.19992 0.0031130533332999998 0.0004724717215774483
0.209218 0.0028854716666999996 0.0004529187983984113
0.218517 0.00276972 0.0004380819219627615
0.227816 0.0028963845833000004 0.0004285931788595262
0.237114 0.0027856629166999997 0.00041554931479288385
0.246413 0.0031518225 0.000411876919323976
0.255711 0.00342954125 0.00040790882029035676
0.26501 0.0029067429167 0.0003898507597288203
0.274309 0.00293726 0.000381794970291632
0.283607 0.0031080337499999997 0.00037793494722041155
0.292906 0.00286298875 0.00036680783711931844
0.302204 0.00266455 0.00035736304645538785
0.311503 0.0032801754167000002 0.0003613538752889467
0.320802 0.00328622375 0.00035556824769800496
0.3301 0.0032467274999999998 0.00034861663676740725
0.339399 0.0035543816667000004 0.0003478288287928191
0.348697 0.0034430566667 0.000342052384148271
0.357996 0.0033545854167 0.00033584856600742027
0.367294 0.0034412445833 0.0003318823983074805
0.376593 0.0033842904167 0.0003267128336723026
0.385892 0.00312616375 0.00031910327958393337
0.39519 0.0032248958333 0.0003163458024817108
0.404489 0.0034251416667 0.0003150982030253333
0.413787 0.0033863008333 0.00031081726093032017
0.423086 0.0033814166667 0.0003071425217969239
0.432385 0.003317985 0.0003033008320188117
0.441683 0.0032754420832999996 0.0002997935205186365
0.450982 0.00318152875 0.0002952782618346714
0.46028 0.00273746125 0.00028631292843975183
0.469579 0.0027506712500000004 0.0002833283821472844
0.478878 0.0032114087500000003 0.0002860050715996192
0.488176 0.0033483949999999997 0.00028473625947072963
0.497475 0.0032987720833 0.00028136501831454975
0.506773 0.0032712216667000003 0.000278275969399741
0.516072 0.0032004541667 0.0002750925916240852
0.525371 0.0031550545833000003 0.0002718203254855231
0.534669 0.00324014125 0.00026997195067456314
0.543968 0.00320920625 0.0002679424848534811
0.553266 0.0032846466667000003 0.0002666546202962507
0.562565 0.0032036941667 0.00026365279246639965
0.571864 0.0034349841666999996 0.00026387647860347263
0.581162 0.0033698066667000003 0.0002610160028158654
0.590461 0.0035357654166999998 0.0002608659589491678
0.599759 0.0033317695832999995 0.00025692806981260206
0.609058 0.0033399970833 0.0002543669462364793
0.618357 0.0032893583333 0.00025197586703977536
0.627655 0.00327520625 0.00024995863635834053
0.636954 0.0033993537499999995 0.00024896651183511177
0.646252 0.0034786704166999997 0.00024791769285429244
0.655551 0.00345675375 0.0002460621555735477
0.664849 0.0032541883333 0.0002418545682541829
0.674148 0.0031896516667000003 0.0002396597264206522
0.683447 0.0032301183333 0.00023871542526104358
0.692745 0.003158995 0.00023656038585402432
0.702044 0.0031167354167 0.0002339705509764129
0.711342 0.0031653099999999997 0.0002329635252112799
0.720641 0.00335706625 0.0002335432150663051
0.72994 0.0035331970833 0.0002339345234697977
0.739238 0.0034489354167000002 0.00023172725673916127
0.748537 0.0034369966667 0.00022984930697388228
0.757835 0.00335695875 0.00022771456751402878
0.767134 0.0034161654167 0.0002266884862069224
0.776433 0.0033797045832999997 0.0002248077071845628
0.785731 0.0033972320832999997 0.0002235061277476108
0.79503 0.0035188158333 0.0002235423070906656
0.804328 0.0036404445833 0.0002234901489929981
0.813627 0.0036185975 0.00022178016345670247
0.822926 0.0034381979167000002 0.00021873032412366377
0.832224 0.0034652683332999997 0.00021781299937615297
0.841523 0.0036709745833 0.00021832248137104097
0.850821 0.0037204745833 0.00021762542364350848
0.86012 0.0037232570833000004 0.00021717015757433193
0.869419 0.0034613075 0.00021348930122863438
0.878717 0.0034429258332999996 0.00021201373481349298
0.888016 0.0032316045832999998 0.00020913998111623107
0.897314 0.0034863233333 0.00021023578552710443
0.906613 0.0036562970833 0.00021064423735352332
0.915912 0.0035308570833 0.00020823980774732078
0.92521 0.0036445308332999997 0.00020802650858886028
0.934509 0.0037146895832999996 0.00020759103277114376
0.943807 0.0034499475 0.0002045106262852769
0.953106 0.0034446116666999997 0.00020351358702832493
0.962405 0.0035467604167 0.00020335999026947242
0.971703 0.0034949416667 0.00020185559968128773
0.981002 0.0033201854167 0.0002004038551930108
0.9903 0.0034393716667 0.00020037673772282333
0.999599 0.00356462625 0.00019980448174102203
1.0089 0.0035891791667000002 0.00019908206423413584
1.0182 0.0035602045833000003 0.00019768448483709503
1.02749 0.0035484920832999996 0.0001967210670210184
1.03679 0.0036522154167 0.00019680058883768465
1.04609 0.0036547129167 0.00019582567533344585
1.05539 0.0036536529167 0.0001950499928716729
1.06469 0.00375414 0.0001949787894797782
1.07399 0.0037893129167 0.00019455723400948273
1.08329 0.003657455 0.0001924715058481717
1.09258 0.0036819112500000003 0.00019226643648373
1.10188 0.0038374591667 0.0001925548144261283
1.11118 0.0039339441667 0.0001924074815092061
1.12048 0.00397667 0.00019205865781726675
1.12978 0.0038187645833 0.00019004339354233556
1.13908 0.0036650895833 0.00018791931575829152
1.14838 0.00369203625 0.00018707824830287918
1.15768 0.0037247629167 0.00018643897454657027
1.16697 0.00381285875 0.00018634525977544755
1.17627 0.0038017525 0.00018551167283709178
1.18557 0.0037292012499999996 0.00018425511679839428
1.19487 0.003829295 0.0001841423351911856
1.20417 0.0038247720833000003 0.0001834597201214992
1.21347 0.0037828783333 0.00018251475012393662
1.22277 0.0037233658332999995 0.00018140674387818806
1.23206 0.0036545337499999998 0.00018003902494950785
1.24136 0.0036948099999999998 0.0001795911248112884
1.25066 0.003706515 0.00017914221685965377
1.25996 0.0037360120833 0.00017888580604058686
1.26926 0.0036235916667 0.00017746730163166303
1.27856 0.00377367625 0.0001777369500957999
1.28786 0.0037851070833 0.0001771934370717613
1.29715 0.0038329654167 0.00017678713337134581
1.30645 0.003813085 0.00017611307761103152
1.31575 0.0037259745833000003 0.00017480377348733862
1.32505 0.0035141491667 0.00017263550442106015
1.33435 0.00352256625 0.00017200792485683454
1.34365 0.0035487579167000002 0.00017168233122624957
1.35295 0.0036037666667000003 0.00017143206165613049
1.36224 0.0036480341667000002 0.00017101758863025503
1.37154 0.00363878625 0.0001704499401905768
1.38084 0.00368426625 0.00017013455250180397
1.39014 0.0036527966666999997 0.0001695843914121385
1.39944 0.0034860925000000003 0.00016777779624107785
1.40874 0.0034444824999999997 0.0001670351872728836
1.41804 0.0036677466667000003 0.0001683133283986086
1.42733 0.00359312375 0.00016733918017846597
1.43663 0.0035959095833 0.00016699782487207432
1.44593 0.0035657108333 0.00016605548656305986
1.45523 0.0034766337500000003 0.00016466206298809363
1.46453 0.0034686716667 0.00016415236797868548
1.47383 0.00346247875 0.00016367462145605317
1.48313 0.0034373808333 0.00016275450548895775
1.49242 0.00350672 0.00016254343547077477
1.50172 0.0034621479167 0.00016179871038581937
1.51102 0.0036239379166999996 0.00016236193116129014
1.52032 0.0034969054167000003 0.00016097472796452336
1.52962 0.0034342320833 0.00016010144371758826
1.53892 0.0033857633333 0.00015933074740640254
1.54822 0.0033274279167 0.0001583348122473219
1.55751 0.0033381104167 0.00015797847041608578
1.56681 0.0033174741667 0.00015729254135228376
1.57611 0.0033517908332999996 0.0001571043570517136
1.58541 0.0034156404166999998 0.0001572186118041381
1.59471 0.0033079483333 0.00015592861961012143
1.60401 0.0032959545833 0.00015533738655623455
1.61331 0.0032791341667 0.0001548358797224773
1.6226 0.0032215425 0.0001539902897599014
1.6319 0.0030288612499999997 0.00015223761888839084
1.6412 0.00302180625 0.0001531073468352275
1.6505 0.0030615641667000003 0.00015653949330400477
1.6598 0.0031139079167 0.00015523675846766866
1.6691 0.0030694720832999994 0.00015683252415911973
1.6784 0.0031822841667000002 0.00016022217618354032
1.68769 0.0030814329167 0.00016219882467586187
1.69699 0.0030508083333 0.000160304140243797
1.70629 0.0030732866667000005 0.00016209425412814848
1.71559 0.0030991420832999998 0.00016527140000169242
1.72489 0.0030954920832999997 0.00016508330858583454
1.73419 0.0030553570832999996 0.00016378814636250103
1.74349 0.00302326625 0.00016428792495714464
1.75279 0.0031048229167000003 0.00016865319598020472
1.76208 0.00296181 0.00016545562700462227
1.77138 0.0028904495833 0.00016523064522633557
1.78068 0.0028701170833000003 0.0001681400890040752
1.78998 0.0028394995833000004 0.00016917247277805253
1.79928 0.0027894083333 0.00016628008721352114
1.80858 0.0027941558332999997 0.0001660841725474188
1.81788 0.0027507666667000003 0.00017052396749238932
1.82717 0.0027166033333 0.0001665672949937569
1.83647 0.0026322729167 0.00016969623091231016
1.84577 0.0025650691667 0.00016893764401078166
1.85507 0.0026129129167 0.00016706906155560623
1.86437 0.0026205033333 0.00017213684654110645
1.87367 0.0025439541667 0.00017408427689647604
1.88297 0.0023877791666999998 0.0001760875564054195
1.89226 0.00227733625 0.00017556683878627033
1.90156 0.0023410912500000003 0.00018471207098851283
1.91086 0.0023175841667 0.0001908279822583704
1.92016 0.00225318875 0.00019435377851797277
1.92946 0.0020941445833 0.00019796799083651205
1.93876 0.0022428770833 0.0001985604000769936
1.94806 0.0023925 0.00020449736335541996
1.95735 0.00240316375 0.00020700175664742528
1.96665 0.0023220733333000005 0.000207364045107468
1.97595 0.0021671687499999997 0.00020491496649542267
1.98525 0.0021636666666999997 0.00021178065292839132
1.99455 0.0021412083333 0.00021417819875354393
2.00385 0.0020346787500000003 0.00021256292857371698
2.01315 0.0019664958332999997 0.00022692080990582467
2.02244 0.00199413 0.00021758053647782604
2.03174 0.00214040375 0.0002206871251133488
2.04104 0.0022013325 0.0002325550511206856
2.05034 0.00212294375 0.00022910447228256703
2.05964 0.0019062733333 0.00022891829997677914
2.06894 0.0016997825000000001 0.0002379305131261472
2.07824 0.0017853633333 0.00023936461312373488
2.08753 0.0018481825 0.00023783655877217494
2.09683 0.00171874375 0.0002460227752352907
2.10613 0.0015219954167 0.00023960767193976273
2.11543 0.00165616375 0.00024989457674871803
2.12473 0.0016336295833 0.0002479478519315876
2.13403 0.0016377549999999999 0.00026828406533227836
2.14333 0.0014780058333 0.00025375128790984557
2.15262 0.0017230441667 0.0002608913949047132
2.16192 0.00184130375 0.00030667999576162015
2.17122 0.00169332125 0.00026914949854181964
2.18052 0.00166757375 0.000292682042058399
2.18982 0.0015739791667 0.0002787540078621798
2.19912 0.0015151604167000002 0.0003078340389207208
2.20842 0.0016637854167000001 0.00030312163644585067
2.21771 0.00163795875 0.0002946538530963244
2.22701 0.0016497329166999999 0.00032744653495314695
2.23631 0.0015645216667 0.0003764209695106869
2.24561 0.0013211429167000002 0.0003172309321595454
2.25491 0.0014128604167000002 0.0003567398062959218
2.26421 0.00141084125 0.0003349201400450863
2.27351 0.0014408666667000002 0.0003812032075334884
2.2828 0.0014925708332999999 0.0003505914237068034
2.2921 0.00155012375 0.00041315871580779087
2.3014 0.0013580833333 0.00038099467698474805
2.3107 0.0011508829167 0.0004202605628822207
2.32 0.0011184154167 0.0004138137475841094
2.3293 0.0013523604167 0.00039381128704002704
2.3386 0.0012139220832999998 0.00039876057891157353
2.3479 0.0010366879167 0.0004498156966531141
2.35719 0.0014450958333 0.0004182511326541869
2.36649 0.00122797 0.00047718077145422695
2.37579 0.0011222825 0.0004399089232755353
2.38509 0.0013182170833 0.0005418195751618524
2.39439 0.000935725 0.0005093972851267545
2.40369 0.0005393233333 0.0004964854685314987
2.41299 0.0007463270832999999 0.0006439411141692736
2.42228 0.0010717208333 0.0007635814866677138
2.43158 0.0010776775000000001 0.0008052884640079251
2.44088 0.0007845579166999999 0.0006705087045002626
2.45018 0.00010186416669999998 0.0007017447117323797
2.45948 0.0013421170833 0.0007561792236650301
2.46878 0.0012510254167 0.0007283871694157605
2.47808 0.0007686608333 0.0007416823678988112
2.48737 0.0016585562500000001 0.0009220866780578151
2.49667 0.00105295 0.0008247368653639908
2.50597 0.0006972762500000001 0.0007924153168837426
2.51527 0.00057 0.0008327921714622618
2.52457 0.0002556225 0.0009012680549715434
2.53387 0.00053104875 0.0016100955762513706
2.54317 0.00149299 0.0023155463523255953
2.55246 0.00018256375 0.00427424512440206
