nothing special
nothing special
273
0.0232465 0.0224891667 0.04344265525914567
0.0325451 0.035700499999999996 0.01363682135098314
0.0418437 0.017880875 0.0072639191350737245
0.0511423 0.013311 0.004464163857391249
0.0604409 0.008653025000000002 0.0030159088871561444
0.0697395 0.005719291667 0.002182756881122206
0.079038 0.005203304167 0.0015840225578080856
0.0883366 0.005124354166999999 0.0012887633093086371
0.0976352 0.00449225 0.0010881500562461592
0.106934 0.00307645 0.0009176629560485427
0.116232 0.003386645833 0.0008188193945619081
0.125531 0.00306325 0.0007358056636368977
0.13483 0.0031789833329999998 0.0006767643553869889
0.144128 0.00285714 0.0006227588979620967
0.153427 0.0030572604167 0.0005874114345770947
0.162725 0.0031386004167 0.0005576183125230239
0.172024 0.0026895716667 0.0005231016529370983
0.181323 0.0025556841667 0.0004985356866520134
0.190621 0.0029355933333 0.000486830170597614
0.19992 0.0030166233333 0.000470973392990491
0.209218 0.0028263691666999997 0.0004524415941142663
0.218517 0.0028648175 0.000440410884269319
0.227816 0.0030848770833 0.0004323390085299886
0.237114 0.0027771454167 0.0004152365814924849
0.246413 0.0028382575 0.0004064591977709556
0.255711 0.00322097375 0.0004040519581596939
0.26501 0.0032065229167 0.0003945652443870889
0.274309 0.002959205 0.00038227387257086255
0.283607 0.00285810125 0.00037370128205309295
0.292906 0.00303635125 0.00036954596613013237
0.302204 0.0030394274999999997 0.00036346184032754505
0.311503 0.0034251854167 0.0003635663736666929
0.320802 0.00347122125 0.0003583244346453079
0.3301 0.0035058599999999995 0.0003525900162331408
0.339399 0.0033497216667 0.0003445277120992029
0.348697 0.0032796866667000003 0.0003394223125155909
0.357996 0.0033073029167 0.0003354719226683188
0.367294 0.0032513895833 0.00032943424449928906
0.376593 0.0031666529167000005 0.0003240187772108899
0.385892 0.0031920312499999996 0.0003201395328238933
0.39519 0.0035550058332999997 0.00032095556742624
0.404489 0.0037201441667 0.0003189929619892814
0.413787 0.0033517008332999997 0.00031045840739467876
0.423086 0.0033507966667000004 0.0003068416743390621
0.432385 0.003401255 0.00030424389651393193
0.441683 0.0034088420832999997 0.00030113182085365637
0.450982 0.00334189375 0.0002972625267422661
0.46028 0.0033367437499999997 0.000293917124117097
0.469579 0.0034998137499999997 0.0002924903395869667
0.478878 0.00342763375 0.0002887926532485355
0.488176 0.00334442 0.0002846667000134986
0.497475 0.0032790820832999997 0.0002812207420682002
0.506773 0.0033587466667 0.00027925339151824716
0.516072 0.0034047666667 0.00027745022381606713
0.525371 0.0032860320833 0.00027314987913029594
0.534669 0.00331393875 0.00027094549435788246
0.543968 0.0033730687500000004 0.00027002979832670685
0.553266 0.0031287141667 0.00026479448129229963
0.562565 0.0030485566667 0.0002619734731248194
0.571864 0.0031450191667 0.00026089324094030525
0.581162 0.0029283416667000004 0.00025608194594539224
0.590461 0.0031454579167 0.0002566865755791783
0.599759 0.0033178220833 0.00025660902133523147
0.609058 0.0032152045832999996 0.00025299096635507536
0.618357 0.0033323458332999998 0.0002521265038534299
0.627655 0.00329437125 0.0002496046842191833
0.636954 0.00330758375 0.0002477576089131717
0.646252 0.0033039529167000004 0.0002460356698852571
0.655551 0.00330116125 0.0002445078625767093
0.664849 0.0029496333332999997 0.0002387667755425624
0.674148 0.0030834716667000003 0.0002387437373732025
0.683447 0.0032839658333 0.00023910642770787828
0.692745 0.00332996 0.0002381637791645574
0.702044 0.0033110804167 0.00023582418763209515
0.711342 0.0034425475 0.000235732710480582
0.720641 0.00347623875 0.00023490830800515196
0.72994 0.0033335145833 0.00023208800086651815
0.739238 0.0034076279167 0.0002312119862291355
0.748537 0.0032898541667 0.00022836148015557907
0.757835 0.00325582125 0.00022674851954621365
0.767134 0.0033201854167 0.00022570648567872719
0.776433 0.0034022095832999997 0.00022507938181646805
0.785731 0.0034016470833 0.00022363013319356433
0.79503 0.0032927158332999996 0.0002214004979371428
0.804328 0.0033549545833 0.0002208836873782346
0.813627 0.0035808700000000003 0.00022133114403486982
0.822926 0.0035332654167 0.0002196469016055438
0.832224 0.0033797883333 0.00021711995151930578
0.841523 0.0033043520833 0.0002149895631763306
0.850821 0.0035242295833 0.0002158095969538107
0.86012 0.0036815220833 0.00021680494776330582
0.869419 0.0033911425000000004 0.00021282722865293953
0.878717 0.0034017183333 0.0002119254948149585
0.888016 0.0034280270833 0.00021130097552068386
0.897314 0.0034982283332999995 0.0002102392013218061
0.906613 0.0037162920833 0.00021089699437478645
0.915912 0.0036769820833 0.0002094059335818511
0.92521 0.0035242583332999997 0.0002069427218784265
0.934509 0.0035532320833 0.000206266145976699
0.943807 0.0034805475000000002 0.0002048218783277052
0.953106 0.0034396516667 0.00020337433871857785
0.962405 0.0035346454167000003 0.00020336841196373753
0.971703 0.0037570441667000003 0.00020416917097736972
0.981002 0.0037051779167000002 0.0002035759103545577
0.9903 0.0036450416667 0.00020178601591428307
0.999599 0.0035119962500000006 0.0001995404076332528
1.0089 0.0033383091667 0.0001970405251708033
1.0182 0.0035880470832999997 0.00019802365964206495
1.02749 0.0036267845833 0.0001975571954478688
1.03679 0.0036298479167 0.00019662795982709023
1.04609 0.0035843954167 0.0001955825873020374
1.05539 0.0037097179167 0.00019586764631995715
1.06469 0.0038903825 0.0001962686447341672
1.07399 0.0039250979167 0.00019565063863163983
1.08329 0.0038860325 0.0001942017604332417
1.09258 0.0037752287500000003 0.0001927963110876281
1.10188 0.0037809641666999997 0.0001918853580685931
1.11118 0.0037824916667 0.00019103209929118085
1.12048 0.0038505225 0.00019088344827474025
1.12978 0.0038284720833 0.00019014588347190248
1.13908 0.0038105270833 0.00018892054461635213
1.14838 0.00373221375 0.0001875430068809841
1.15768 0.0038236854167 0.00018743649738378504
1.16697 0.00382700625 0.00018655192500756777
1.17627 0.0037338275 0.00018520282075344552
1.18557 0.00370655375 0.0001841721298841819
1.19487 0.00373414 0.00018359249450664193
1.20417 0.0036105820833 0.00018177583345290298
1.21347 0.0036255658332999996 0.00018121660430301905
1.22277 0.0036792258333 0.00018092993050225156
1.23206 0.00373757125 0.00018066083412152917
1.24136 0.0036983249999999997 0.00017963466389007477
1.25066 0.0036755775 0.00017898957510932163
1.25996 0.0036973220833 0.00017872927333068537
1.26926 0.0037534941667 0.00017838474138045387
1.27856 0.0037090812500000002 0.000177297124634612
1.28786 0.0036967370833 0.00017636895117915886
1.29715 0.0038014429167 0.00017649469395400062
1.30645 0.0038010375 0.00017595313346530637
1.31575 0.0037466220833 0.00017491124006198795
1.32505 0.0036750266667000004 0.00017381990097554121
1.33435 0.0036454537500000004 0.00017298601705880234
1.34365 0.0035811329167 0.0001719656633639336
1.35295 0.0036082666667 0.00017147381948057292
1.36224 0.0036949816667 0.00017132849723586665
1.37154 0.00369160375 0.00017081017301385053
1.38084 0.0035263712500000002 0.00016899686332715828
1.39014 0.0034606491667 0.00016824075327953296
1.39944 0.0035382124999999995 0.00016825508199715857
1.40874 0.0034617750000000003 0.00016735466106890205
1.41804 0.0035370741667 0.00016747429312327324
1.42733 0.00351691125 0.0001667133609977942
1.43663 0.0034602695833 0.00016585522495993262
1.44593 0.0034731108333 0.00016540177250203066
1.45523 0.00341436375 0.00016436876789786424
1.46453 0.0034814466667 0.00016424999512394973
1.47383 0.00345260875 0.00016355170208580066
1.48313 0.0034537908332999997 0.0001630701829004396
1.49242 0.0034115574999999997 0.0001620617470679008
1.50172 0.0034937904167 0.00016218478692725142
1.51102 0.0034165554167 0.0001610216867569867
1.52032 0.0034177404167 0.00016047783131904416
1.52962 0.0033013995832999994 0.0001591878126994072
1.53892 0.0032547783333000003 0.00015832469203783114
1.54822 0.0033012004167000003 0.00015810109129214069
1.55751 0.0034046654167000003 0.00015845946037569499
1.56681 0.0033410316667 0.00015739586963271348
1.57611 0.0032424258332999995 0.00015635469134574954
1.58541 0.0033074729167 0.00015649942191221517
1.59471 0.0032412483333 0.0001556067438785311
1.60401 0.0032285120833 0.00015506492283748083
1.61331 0.0031966016667 0.0001542541133027962
1.6226 0.0031046274999999997 0.0001532123934602801
1.6319 0.00312500125 0.00015281669818528452
1.6412 0.00327999125 0.00015491146961921202
1.6505 0.0030054091667 0.00015692816300220695
1.6598 0.0029405779167 0.00015412594798609028
1.6691 0.0031181095833000003 0.0001573257635543901
1.6784 0.0031473366666999996 0.00015948888582182047
1.68769 0.0032477804167 0.000163110686074532
1.69699 0.0031637908333 0.000161220923838507
1.70629 0.0029654916667 0.00016129964047251956
1.71559 0.0029275245833 0.00016466247473785768
1.72489 0.0029084245832999996 0.00016355159101860513
1.73419 0.0030452620833 0.00016377533845547747
1.74349 0.0029249587499999997 0.00016349413777458702
1.75279 0.0027996929167 0.00016577204461015052
1.76208 0.002894225 0.0001649749395569477
1.77138 0.0028973720833 0.00016517899690841485
1.78068 0.0027501870833 0.00016695321618803412
1.78998 0.0026952520833 0.00016825604868713338
1.79928 0.0026970708333 0.00016564622912965338
1.80858 0.0027354008333 0.00016572844068415315
1.81788 0.0026884466667 0.00017017841980642082
1.82717 0.0026889783333000003 0.0001665159159346238
1.83647 0.0027005154166999997 0.00017091502881560772
1.84577 0.0026823116667 0.0001696667327035435
1.85507 0.0026040704167 0.00016707113264492553
1.86437 0.0025943408333000003 0.00017200905038476172
1.87367 0.0025739741667 0.00017386114518786922
1.88297 0.0023531316667 0.00017582496864738194
1.89226 0.0021996787499999997 0.00017526670405610978
1.90156 0.00231322625 0.00018370869391131335
1.91086 0.0024162966667 0.00019197752775196254
1.92016 0.00244243125 0.00019635859840844752
1.92946 0.0023373370833000002 0.00020160121522557576
1.93876 0.0023327020833 0.0001993381881607375
1.94806 0.00221361 0.00020286801997618505
1.95735 0.00211503875 0.00020369690908310833
1.96665 0.0022176758333000003 0.0002064685945269714
1.97595 0.00222559875 0.0002051407226236445
1.98525 0.0021363091667 0.0002112740383449525
1.99455 0.0021877833333 0.00021408789449601462
2.00385 0.00220720375 0.00021474033740282244
2.01315 0.0020994083333 0.00022928689343084218
2.02244 0.0019754975 0.00021730193058109836
2.03174 0.00201994875 0.00021902604659149082
2.04104 0.0020697625 0.0002290858782448592
2.05034 0.00198113375 0.00022563923695789458
2.05964 0.0020190333333000004 0.00022970075446950632
2.06894 0.0019377 0.00023967128079119293
2.07824 0.0019345208333 0.00024027892501407116
2.08753 0.0019206925 0.00023738476125444974
2.09683 0.0017575912499999998 0.000245443746424567
2.10613 0.0016648254167000002 0.00024230987118217852
2.11543 0.00183357125 0.0002518673892900081
2.12473 0.0016817145832999998 0.00024853314175078825
2.13403 0.001530595 0.00026568392942699843
2.14333 0.0015321133333 0.00025366348024352957
2.15262 0.0017899541667 0.0002632508482665816
2.16192 0.00190012625 0.00031224969408405505
2.17122 0.0017881862499999999 0.0002710767761063847
2.18052 0.00177584625 0.00029822705613287615
2.18982 0.0015151341666999997 0.00027867858191453325
2.19912 0.0012663029167000002 0.00030217184878529395
2.20842 0.0014907579166999999 0.0003002164324995274
2.21771 0.00161095125 0.00029293243566818385
2.22701 0.0014852279167 0.00031841267291770714
2.23631 0.0015303216667 0.0003644582192153599
2.24561 0.0014880179166999999 0.00032124062144171887
2.25491 0.0012294579167 0.00034268687470417436
2.26421 0.00129409625 0.0003323049486570345
2.27351 0.0014547491667000001 0.00038933673426385046
2.2828 0.0012715683333 0.0003491958262358464
2.2921 0.00125410125 0.0004022515494641123
2.3014 0.0012057658332999999 0.0003721889597472217
2.3107 0.0010459379167 0.0004074837676106333
2.32 0.0011927079167 0.0004101578367692947
2.3293 0.0012837754167 0.00039258326161287677
2.3386 0.0011817645833 0.0003975442437144484
2.3479 0.0007892679167 0.00044571924484644083
2.35719 0.0010724083333 0.00041106011405372484
2.36649 0.0011675925 0.00048748692517247674
2.37579 0.0012876099999999998 0.00044693043528660657
2.38509 0.0009995095832999999 0.0005384931988605423
2.39439 0.000717675 0.0005002485815289285
2.40369 0.0007496383333 0.0005065768640494957
2.41299 0.0005433345833 0.0006515586852636666
2.42228 0.0012881908333 0.0007941739757624225
2.43158 0.00111831 0.0008356902654476527
2.44088 0.0005163954167 0.0006654431321073142
2.45018 0.0003474016667 0.0007313404388583224
2.45948 0.0012362545832999999 0.0007487488424111536
2.46878 0.0015740929167 0.0007414555627740413
2.47808 0.0010358733333 0.0007586974820868396
2.48737 0.0012349512499999998 0.0008959058589877465
2.49667 0.0009849575 0.0008510497519634049
2.50597 0.0008343012499999999 0.0007976171480185068
2.51527 0.0004043325 0.000825126282990093
2.52457 0.00048715 0.0009022166347186348
2.53387 0.0011423162499999999 0.0016778847101597252
2.54317 -5.463499999999998e-05 0.002186431023400965
2.55246 9.336625e-05 0.004251119503740381
