nothing special
nothing special
273
0.0232465 0.056501666699999994 0.043951228832965664
0.0325451 0.028184 0.01358632145065696
0.0418437 0.019867875 0.007290356002376565
0.0511423 0.014747 0.004481872240051248
0.0604409 0.009475025 0.0030269180536466153
0.0697395 0.006903216667000001 0.0021996521168848645
0.079038 0.005644204167 0.0015900998911700713
0.0883366 0.0050731791669999995 0.001287779890044914
0.0976352 0.0043879 0.0010862672113594648
0.106934 0.0029559 0.0009154864418994676
0.116232 0.003203745833 0.0008150672808433603
0.125531 0.00317565 0.0007377739759110869
0.13483 0.0038499833330000004 0.0006893893490295485
0.144128 0.003551215 0.0006370265416457667
0.153427 0.0032323604166999997 0.0005907178294078842
0.162725 0.0031314004167000004 0.0005574561073627308
0.172024 0.0025902941667 0.0005212328781943735
0.181323 0.0022854816666999997 0.0004931478185392952
0.190621 0.0021676258333 0.0004725163628325241
0.19992 0.0026921833333000003 0.00046469793529359623
0.209218 0.0030092591667 0.0004549269472797773
0.218517 0.0029959125 0.00044189218656962253
0.227816 0.0029913820833000005 0.00043039317321665434
0.237114 0.0029691829166999997 0.00041904784425822336
0.246413 0.002926145 0.00040831494441018017
0.255711 0.00311156125 0.00040250996876226133
0.26501 0.0032593029167 0.00039514087308805865
0.274309 0.002939905 0.00038191654714559196
0.283607 0.0030858987499999997 0.00037756086534513174
0.292906 0.0029969637499999997 0.00036902642403654416
0.302204 0.00294466 0.0003620386161535598
0.311503 0.0033247329167 0.0003621331816897335
0.320802 0.00347781375 0.0003582582532258192
0.3301 0.003365485 0.0003504103089817242
0.339399 0.0030039041666999997 0.00033986229443405355
0.348697 0.0029677216667 0.000335248255425835
0.357996 0.0032516479167 0.0003343332754073308
0.367294 0.0032816320833 0.0003296091680548275
0.376593 0.0034257679167 0.0003274716767751291
0.385892 0.0034777312500000003 0.0003240616298948607
0.39519 0.0033628458333 0.0003184619649813398
0.404489 0.0032044366667 0.0003120310767332346
0.413787 0.0033394483333 0.0003102665928933136
0.423086 0.0034577116667000004 0.00030819003735449923
0.432385 0.00331564 0.0003032596769735722
0.441683 0.0033816545833 0.0003007963323801011
0.450982 0.00333120625 0.0002972986870799512
0.46028 0.00322268875 0.0002924861827532956
0.469579 0.00340787625 0.00029131989187288675
0.478878 0.0036185462499999997 0.0002908335833421282
0.488176 0.0036305849999999995 0.0002880536020551815
0.497475 0.0034944120833000003 0.00028365230251281353
0.506773 0.0033076391667 0.00027862927031340455
0.516072 0.0032962891667 0.0002758833890950542
0.525371 0.0033744620832999997 0.0002742634849690382
0.534669 0.0035111162499999998 0.00027326339856967823
0.543968 0.00345028875 0.00027073626674960054
0.553266 0.0035883016667000002 0.00027006009477681446
0.562565 0.0035468616667 0.0002671148843168338
0.571864 0.0033794941667000004 0.0002629606805658715
0.581162 0.0032581541667000002 0.00025963741607147936
0.590461 0.0033042604167 0.00025801034515403055
0.599759 0.0035165270833 0.00025835690312082585
0.609058 0.0036751195833 0.0002578411996791714
0.618357 0.0034872383332999997 0.00025373110625565574
0.627655 0.00331719125 0.00025011233921733866
0.636954 0.00337025625 0.00024863169034968364
0.646252 0.0033220004167 0.0002461967232888499
0.655551 0.00331013875 0.0002444803603983375
0.664849 0.0031429083333 0.00024083466170089906
0.674148 0.0031639966667 0.00023923531183162389
0.683447 0.0034127383333 0.00024034474222703377
0.692745 0.0035065425000000002 0.00023989728435866653
0.702044 0.0033366079167 0.00023597356830497285
0.711342 0.0032275875 0.00023346471541911754
0.720641 0.00328404125 0.00023272330472287627
0.72994 0.0033744370833 0.00023223537871068278
0.739238 0.0033519829167 0.0002304834186630135
0.748537 0.0036336191667 0.00023164523830133257
0.757835 0.00372428625 0.00023122128044121803
0.767134 0.0035071579167 0.00022748032116621652
0.776433 0.0036070820833 0.00022691356199262602
0.785731 0.0034763995833 0.00022424830479464257
0.79503 0.0034675983332999997 0.00022308472312468597
0.804328 0.0036307495833000003 0.00022327997589160594
0.813627 0.00353868 0.00022094253610869976
0.822926 0.0033403554166999997 0.00021786097515879866
0.832224 0.0036523333333 0.00021949863947986546
0.841523 0.0036486220833000004 0.00021813722245191076
0.850821 0.0034847720833000003 0.00021543708171290827
0.86012 0.0035143845833 0.0002152952236731602
0.869419 0.00362995 0.00021511462447102876
0.878717 0.0036381083332999997 0.0002140013465901298
0.888016 0.0036328695833 0.0002130825618544678
0.897314 0.0037046458333 0.00021222048199503093
0.906613 0.0036398770833 0.00021033539744309918
0.915912 0.0038390370832999997 0.00021102202791348993
0.92521 0.0036753958333 0.00020847422337743842
0.934509 0.0036247370833 0.0002070013022045926
0.943807 0.003591255 0.00020577168296596427
0.953106 0.0037857066667 0.00020645208669358835
0.962405 0.0036256379167 0.0002041717402324503
0.971703 0.0037876941666999996 0.00020441311433115386
0.981002 0.0038522779167 0.0002046721004018769
0.9903 0.0037387541667 0.0002023944822821062
0.999599 0.00373889875 0.0002012808695503761
1.0089 0.0035857591667 0.00019903003739406573
1.0182 0.0035190170833 0.0001972227987354116
1.02749 0.0036391570832999998 0.0001971438886622705
1.03679 0.0037202079167 0.00019711528893175906
1.04609 0.0038122179167 0.00019714037026070786
1.05539 0.0038621454167 0.0001965968326643253
1.06469 0.0038223 0.00019535573801758596
1.07399 0.0039220929167 0.0001953896012803454
1.08329 0.0038639125 0.0001939577695201023
1.09258 0.00384511625 0.00019332579290143138
1.10188 0.0038982541666999996 0.00019279771038457127
1.11118 0.0038965566666999997 0.00019188852810996058
1.12048 0.0037637625 0.0001901792884424381
1.12978 0.0037539320833 0.00018949499525048493
1.13908 0.0037713895832999994 0.00018849060308558934
1.14838 0.00381371125 0.00018807906211068678
1.15768 0.0037608629167 0.00018681703096399838
1.16697 0.00382886125 0.00018644763059145512
1.17627 0.0038887400000000003 0.00018621329553787086
1.18557 0.00385572125 0.00018516845986354325
1.19487 0.00399497 0.00018544871158379092
1.20417 0.0038815920833000003 0.00018378957345060697
1.21347 0.0038324383332999997 0.0001828052924557619
1.22277 0.0038270958333 0.0001821320421124513
1.23206 0.00360622125 0.00017959229640433945
1.24136 0.0036856975 0.00017946666643357774
1.25066 0.0037491125 0.00017929468998036146
1.25996 0.0035666420833000002 0.00017741963145709216
1.26926 0.0038166341667 0.0001786979453928073
1.27856 0.00387554625 0.00017838422519444232
1.28786 0.0037526595832999997 0.000176802296217231
1.29715 0.0038108404167 0.00017653645501310557
1.30645 0.0037959275 0.00017577757932425175
1.31575 0.0038020395833 0.00017522145157847812
1.32505 0.0037421516667000003 0.00017423081097920682
1.33435 0.00375897375 0.000173753997856973
1.34365 0.0036130479167 0.00017205987446573993
1.35295 0.0037527491667000003 0.0001724522355935307
1.36224 0.0038234691667000005 0.00017227999164064697
1.37154 0.00372262375 0.00017106110992523102
1.38084 0.00380679125 0.00017096149184433576
1.39014 0.0036635241667 0.00016965285004335814
1.39944 0.0037038625 0.00016936293986771826
1.40874 0.0036719025000000005 0.000168590494023015
1.41804 0.0036610216667 0.00016803589248959034
1.42733 0.0036339287500000003 0.00016729249970799906
1.43663 0.0034761670833 0.0001658546917370631
1.44593 0.0035206758332999998 0.00016571959729908147
1.45523 0.00365277125 0.00016599184708454762
1.46453 0.0036128441666999998 0.00016489686175053523
1.47383 0.00352581625 0.00016394624084829199
1.48313 0.0035837033333 0.0001638096472563886
1.49242 0.0035420599999999997 0.0001628544205916699
1.50172 0.0035620654167 0.00016248905630488375
1.51102 0.0035132479167 0.00016156013295387446
1.52032 0.0035132754167 0.00016104616852793662
1.52962 0.0035525420833000003 0.00016089303924526568
1.53892 0.0035630083333 0.00016052233723169872
1.54822 0.0035657854166999997 0.00015992514359798392
1.55751 0.0034385429167 0.0001586560407419893
1.56681 0.0034283091667 0.00015800501667644998
1.57611 0.0035471558333 0.00015833788315725684
1.58541 0.0033768279167000004 0.00015687577989260908
1.59471 0.0032799858333 0.00015570477542871606
1.60401 0.0032600020833000003 0.00015506263695326566
1.61331 0.0033050291667000003 0.00015490379130242397
1.6226 0.0033765325 0.00015496713776559428
1.6319 0.00334934875 0.00015425976745137368
1.6412 0.0032264587500000002 0.00015445552786049296
1.6505 0.0031565666667 0.00015736428466372513
1.6598 0.0032043579167 0.0001557490218905114
1.6691 0.0031795870833 0.00015751654776753954
1.6784 0.0031145091667000003 0.0001596634476264133
1.68769 0.0032033404167 0.00016285874876069902
1.69699 0.0030928358332999997 0.0001606781638303369
1.70629 0.0029722391667 0.00016138395434544186
1.71559 0.0028580070833 0.00016286322019532613
1.72489 0.0028300245833 0.00016337122372691803
1.73419 0.0029401920833 0.00016299435403483546
1.74349 0.00289863375 0.00016335848131426972
1.75279 0.0028927479167 0.0001657602971007028
1.76208 0.002952855 0.00016554223318357428
1.77138 0.0028920795833 0.00016527022327574283
1.78068 0.0027738995832999997 0.00016734629666354575
1.78998 0.0028759220833 0.00016935878327365556
1.79928 0.0028418633333 0.00016666504838728355
1.80858 0.0028177458332999997 0.0001661523228745163
1.81788 0.0026835416667 0.0001704836581075909
1.82717 0.0026219183333 0.00016606183827036058
1.83647 0.0026332104167000004 0.00016897557741177933
1.84577 0.0026681541667 0.0001682821609940463
1.85507 0.0025948204167 0.00016677370572609678
1.86437 0.0025118058333 0.0001714705807111073
1.87367 0.0026211391667 0.00017407930917487607
1.88297 0.0026764591667 0.0001784804187619617
1.89226 0.00254033125 0.00017767282105312612
1.90156 0.0024799137500000003 0.00018493362619538496
1.91086 0.0025309216667 0.00019369726185316336
1.92016 0.00234164125 0.00019536995857511035
1.92946 0.0023713620833000003 0.00020367262110616166
1.93876 0.0023930095833 0.00019982951895855294
1.94806 0.0023101450000000004 0.00020320143077382654
1.95735 0.00218989375 0.0002045990669428452
1.96665 0.0022838008333 0.00020672224998909998
1.97595 0.00239070625 0.00020620174285643296
1.98525 0.0022668841666999996 0.00021460769612679424
1.99455 0.0021137858333 0.00021343745328863836
2.00385 0.00220012875 0.00021462915703570696
2.01315 0.0021819233333 0.00023033735849976468
2.02244 0.0020815074999999995 0.00021852403494508773
2.03174 0.0022097387499999998 0.0002209916678109522
2.04104 0.00211278 0.00022936677580326356
2.05034 0.00173671625 0.00022331912634852957
2.05964 0.0016160633332999998 0.00022438159913083794
2.06894 0.0017880525000000002 0.00023824868282324815
2.07824 0.0017157908332999998 0.00023691086847674606
2.08753 0.0018670199999999998 0.00023838825479529133
2.09683 0.0019673862499999997 0.0002494231885462801
2.10613 0.0018940929167 0.00024536296481369595
2.11543 0.0019059362499999999 0.0002506957828506213
2.12473 0.0016423370832999997 0.00024891941754908245
2.13403 0.0016149699999999999 0.00027088930958124883
2.14333 0.0016174583333 0.00025514586091691585
2.15262 0.0018567291667 0.0002632821601902112
2.16192 0.00206401125 0.0003084686819326183
2.17122 0.00196165625 0.000273204288408467
2.18052 0.00182207375 0.0002975094711562332
2.18982 0.0017597466666999999 0.00028125329322954603
2.19912 0.0016583379167 0.0003103706454980297
2.20842 0.0016320629167 0.0003067732223203988
2.21771 0.00166545875 0.00029383415726666267
2.22701 0.0016826379167 0.00032774370365779595
2.23631 0.0016716166667 0.0003711582128869195
2.24561 0.0015609879166999998 0.0003230779394163956
2.25491 0.0014560604167000001 0.0003505446235554879
2.26421 0.00174524375 0.00033977707865453106
2.27351 0.0015041091667000002 0.00038637891157606473
2.2828 0.0013806883332999997 0.00034926557453702746
2.2921 0.00123693125 0.00039783915582091746
2.3014 0.0010923783333 0.0003666385629522443
2.3107 0.0010320954167 0.00041697912088620523
2.32 0.0011520279167000001 0.0004103933005095442
2.3293 0.0013607579167000002 0.0003947943673102818
2.3386 0.0009180020832999999 0.0003902624126604843
2.3479 0.0008003104167000001 0.00045373532113669404
2.35719 0.0011627108333 0.00041539972425719014
2.36649 0.0013683674999999998 0.0004953822555835546
2.37579 0.00120799 0.00043886862855367073
2.38509 0.0013185320832999998 0.000547314371729756
2.39439 0.0010340425 0.0005016147941610147
2.40369 0.0015100208333 0.0005272438359548104
2.41299 0.0009590395833 0.0006318724985568002
2.42228 0.0009623333332999999 0.0006951559490865189
2.43158 0.0014252599999999998 0.0007933089431598431
2.44088 0.0014387379167 0.0006938244807873917
2.45018 0.0008436866667000001 0.0007483040027818514
2.45948 0.0009833020832999998 0.0007440016641553114
2.46878 0.0005023679167 0.0006956945369718189
2.47808 0.0010479808333 0.000754242108141985
2.48737 0.00150745375 0.0008791285408640085
2.49667 0.0011909824999999999 0.0008424721780842272
2.50597 0.00129867625 0.0008169946946558322
2.51527 0.0012932725 0.0008693584679844744
2.52457 0.000937015 0.000953217327707022
2.53387 0.0003590512500000001 0.001596577749761903
2.54317 0.0011109975000000002 0.002329311101928984
2.55246 -0.00212975125 0.0037793243980214592
