nothing special
nothing special
273
0.0232465 0.0546941667 0.043942434005099076
0.0325451 0.03895 0.013676281056224987
0.0418437 0.022838375 0.007314395908084196
0.0511423 0.012370250000000001 0.004458544584847668
0.0604409 0.009296525 0.0030266525670835345
0.0697395 0.006511141666999999 0.00219468169981892
0.079038 0.004716104166999999 0.00157756010752787
0.0883366 0.004676829167 0.0012824490015847618
0.0976352 0.003592525 0.0010736657804452348
0.106934 0.0029156 0.000915483807696349
0.116232 0.003340270833 0.0008185640717746269
0.125531 0.003577175 0.0007462918985520307
0.13483 0.0028614833329999997 0.0006707782634768118
0.144128 0.00273644 0.0006211928040278831
0.153427 0.0028422604167 0.0005837799279854018
0.162725 0.0030373354166999995 0.0005562850675906453
0.172024 0.0025645716666999998 0.0005211669640607747
0.181323 0.0024660966667 0.0004968371149966164
0.190621 0.0030240283333 0.0004885971159184334
0.19992 0.0028974733333000002 0.0004688293714910263
0.209218 0.0029086266667 0.0004537692984115543
0.218517 0.0030837175 0.00044358925696490957
0.227816 0.0030693670833 0.00043182627408286785
0.237114 0.0029162054167 0.00041831764590647433
0.246413 0.0029548724999999996 0.0004085658364803867
0.255711 0.00318199125 0.00040366922159105925
0.26501 0.0031973354167 0.0003950551737555659
0.274309 0.0030472125 0.00038410296930321055
0.283607 0.00305578375 0.00037736639317422513
0.292906 0.0032154137500000003 0.0003727979134349312
0.302204 0.0032366024999999996 0.00036693055217650993
0.311503 0.0034253229167000004 0.00036432793398432186
0.320802 0.00319640875 0.00035497323076438315
0.3301 0.0033513375 0.0003505810300489192
0.339399 0.0034830016667000002 0.0003470059605454061
0.348697 0.0033298341667000004 0.0003409526472050874
0.357996 0.0036440029167 0.00034016718500398473
0.367294 0.0035521120833 0.00033357241491462547
0.376593 0.0034966479167 0.00032860983479149195
0.385892 0.00360483875 0.00032601813547582394
0.39519 0.0034413183333 0.00031932869070520404
0.404489 0.0031283316667 0.00031141333766833944
0.413787 0.0031477233333000003 0.00030782441597741034
0.423086 0.0033450216667 0.00030676222949277984
0.432385 0.0032664675 0.00030266549686224024
0.441683 0.0031221095833 0.0002980400200380347
0.450982 0.0031728537500000003 0.0002954684374195085
0.46028 0.00307430375 0.00029081887315968706
0.469579 0.0031665287499999997 0.00028849510504591613
0.478878 0.00323266375 0.0002864876983571486
0.488176 0.0034550724999999997 0.0002861915432975476
0.497475 0.0033593795832999995 0.00028217128714751183
0.506773 0.0032062241667 0.0002778443447058774
0.516072 0.0034141766667 0.00027769356798539133
0.525371 0.0034781345833000002 0.0002757246483895303
0.534669 0.00341689875 0.0002723509484957975
0.543968 0.00347536625 0.0002712539393363748
0.553266 0.0034071741667 0.0002681681051920072
0.562565 0.0031473791667000002 0.00026307243096179266
0.571864 0.0033821416667000003 0.0002632163734046634
0.581162 0.0033671791667000003 0.00026115453506435094
0.590461 0.0032113379167000005 0.0002574266723084188
0.599759 0.0033753820833 0.0002570910855387954
0.609058 0.0031777095833000002 0.00025304923002031446
0.618357 0.0031104508333 0.0002505037232433488
0.627655 0.00318755625 0.00024911129055057974
0.636954 0.0032655437499999997 0.00024781216686690325
0.646252 0.0033413104167 0.0002465574655076525
0.655551 0.0033823212499999996 0.0002454577363469912
0.664849 0.0033342258333 0.00024287054122566822
0.674148 0.0033838366666999998 0.00024176533444926897
0.683447 0.0033030033333 0.0002395479245620519
0.692745 0.0032505425 0.0002376230830648346
0.702044 0.0034023354167000003 0.00023704579773433954
0.711342 0.0034733225 0.00023627616656114592
0.720641 0.0033806437499999996 0.00023389166505087815
0.72994 0.0032994995833000003 0.00023169286149668525
0.739238 0.0033105329167000003 0.00023031989366180744
0.748537 0.0033670291667 0.00022921420456195555
0.757835 0.00338952375 0.00022801979974283217
0.767134 0.0034488929167 0.0002272355487680198
0.776433 0.0034993920832999998 0.0002261370225399585
0.785731 0.0035539695833 0.00022512414353310575
0.79503 0.0033766283333 0.0002222633500325017
0.804328 0.0033209895832999998 0.0002206205726764501
0.813627 0.00339564 0.0002197670212620335
0.822926 0.0034919404167000007 0.00021930805106860446
0.832224 0.0034498383333 0.00021770320219689895
0.841523 0.0035403420833 0.0002173115700516212
0.850821 0.0035649920832999996 0.0002163470416154646
0.86012 0.0035413395833 0.0002154239618881475
0.869419 0.0033928125 0.0002129330598893093
0.878717 0.0034882883333 0.00021264488161181418
0.888016 0.0034780795833 0.00021173482282328077
0.897314 0.0034403358333000003 0.00020976442918788413
0.906613 0.0035720645833 0.0002096470085298897
0.915912 0.0036607595833 0.00020946405077164386
0.92521 0.0035117708333 0.00020696071118831555
0.934509 0.0035736495833000002 0.00020658112858364537
0.943807 0.0035063625 0.0002051665677092575
0.953106 0.0036872691667 0.00020557535955026152
0.962405 0.0037244379167 0.00020508445496433426
0.971703 0.0036679966667000005 0.00020344284962527708
0.981002 0.0036625604167 0.00020336313552147859
0.9903 0.0038290441667000004 0.00020369773064331882
0.999599 0.00384244875 0.0002025872932093279
1.0089 0.0037350716667 0.00020060775968863722
1.0182 0.0036046145833000002 0.00019824798659789184
1.02749 0.0036106970833 0.00019738892315882163
1.03679 0.0036595654167 0.00019685220438921252
1.04609 0.0038531079167 0.00019761800094763603
1.05539 0.0038923254167 0.00019715623285289775
1.06469 0.0038172049999999997 0.00019550419762229403
1.07399 0.0038303479166999998 0.0001948405071407679
1.08329 0.0037415475 0.0001930214042658773
1.09258 0.00382654625 0.00019314852478160112
1.10188 0.0038329316667 0.0001923171818294726
1.11118 0.0038154041667 0.00019134107454253603
1.12048 0.003818735 0.00019071305873393402
1.12978 0.0038579745833000004 0.0001903012163380676
1.13908 0.0037738870833 0.00018849665251910875
1.14838 0.00367730375 0.00018694056177659925
1.15768 0.0037326704167000005 0.0001865930034087953
1.16697 0.00382439125 0.00018647752948572753
1.17627 0.00382196 0.00018576718550407042
1.18557 0.00377000375 0.00018465115997099693
1.19487 0.0038496025000000003 0.0001844524311855057
1.20417 0.0038448620833 0.00018363974408134895
1.21347 0.0038600358332999997 0.0001832020851198317
1.22277 0.0036580583332999996 0.00018114160034684277
1.23206 0.00361986875 0.00017996222455857414
1.24136 0.00376314 0.0001802746567514474
1.25066 0.0037607250000000004 0.00017961163408243886
1.25996 0.0036999645833 0.0001785907103053707
1.26926 0.0036385191667000004 0.0001775298613736964
1.27856 0.0036605962499999998 0.00017689862833028568
1.28786 0.0036935770832999997 0.00017650446955346164
1.29715 0.0037360254167000005 0.00017617058740535915
1.30645 0.0036661575000000004 0.00017512623619652336
1.31575 0.0035121395833 0.0001732691903749027
1.32505 0.0035627716667 0.00017309423390647182
1.33435 0.00369179625 0.00017340394549107097
1.34365 0.0038326954167 0.00017390676966599133
1.35295 0.0037694366667 0.00017269528711661556
1.36224 0.0037186066667 0.00017157698569032935
1.37154 0.00376163125 0.00017144810488568018
1.38084 0.00375043875 0.00017073327092314823
1.39014 0.0036993541667 0.0001701378297240592
1.39944 0.00362307 0.00016895171777968657
1.40874 0.00362887 0.00016841683805048725
1.41804 0.0036003541666999998 0.0001677548343166943
1.42733 0.0035330937499999998 0.0001667361874063195
1.43663 0.0036461995833 0.00016716561960883865
1.44593 0.0036559258333 0.00016659689513173268
1.45523 0.0036016387500000004 0.00016558741833179333
1.46453 0.0035995766666999996 0.00016508373535257604
1.47383 0.0034409337500000002 0.00016355487979450987
1.48313 0.0034492783333 0.00016301756112412113
1.49242 0.0034714225000000002 0.0001624604662178344
1.50172 0.0034867004167 0.00016206014287014007
1.51102 0.0033630479167 0.0001607127788710394
1.52032 0.0033569229167000007 0.00016004975492246658
1.52962 0.0034482295833 0.000160251498946369
1.53892 0.0035501108332999997 0.00016054276617152806
1.54822 0.0034822454167 0.00015948777231151068
1.55751 0.0034044154167 0.00015859093891468427
1.56681 0.0033238091667 0.0001574400481747854
1.57611 0.0034734783333 0.00015799598515897943
1.58541 0.0034781379167 0.00015760916529038673
1.59471 0.0033920383333 0.00015653186189545882
1.60401 0.0033791620833000004 0.00015598028256011323
1.61331 0.0032159566667 0.00015440749848536666
1.6226 0.00322559 0.0001540087313900456
1.6319 0.00323291375 0.00015356284743104205
1.6412 0.00323674875 0.00015463395214749406
1.6505 0.0031042916667 0.00015685677756612719
1.6598 0.0031382379167 0.00015537611151995133
1.6691 0.0031026870833 0.00015712254851328996
1.6784 0.0030951041667 0.00015936534158223162
1.68769 0.0031158829167 0.00016224606970446722
1.69699 0.0031170333333 0.0001609160238630765
1.70629 0.0031617041667 0.0001627113877632961
1.71559 0.0031529895833 0.00016531568890142595
1.72489 0.0029871970832999997 0.00016451405751517051
1.73419 0.0030055995833 0.00016354949363398352
1.74349 0.00293102375 0.00016375902198299773
1.75279 0.0029178054167 0.00016651581065936405
1.76208 0.0029800225 0.0001657846240131274
1.77138 0.0028571945833 0.00016506650417714454
1.78068 0.0027953595832999997 0.00016788461918799548
1.78998 0.0028621870833 0.00017001270619901383
1.79928 0.0029247208333 0.00016718413726926908
1.80858 0.0028979608333 0.00016686422635907484
1.81788 0.0028011941667000005 0.000170177019770773
1.82717 0.0025778833333 0.00016568871810099134
1.83647 0.0025625079166999997 0.0001688177110304982
1.84577 0.0026303291667 0.00016830974816568452
1.85507 0.0027377229167000004 0.00016798379131309894
1.86437 0.0026424258333000005 0.00017286620215556362
1.87367 0.0025111941666999997 0.00017355868194659404
1.88297 0.0026026116667000002 0.00017753946209281572
1.89226 0.00240538125 0.0001766051341630489
1.90156 0.00224737875 0.0001835943192633506
1.91086 0.0022988391666999997 0.0001906888424193004
1.92016 0.00223450625 0.00019435959678503135
1.92946 0.0022996745833 0.0002016309367295806
1.93876 0.0023899920833 0.00020090195128575405
1.94806 0.0023140625 0.00020409494734947162
1.95735 0.00225369625 0.0002055312435808852
1.96665 0.0022097358333 0.0002066066890096485
1.97595 0.00215857625 0.00020434608170929777
1.98525 0.0022097191667 0.00021208263020355543
1.99455 0.0023135808333 0.000215384157194533
2.00385 0.00238599125 0.00021656983534408368
2.01315 0.0023365083333 0.00023128834293490786
2.02244 0.0022522925 0.00022043122734299783
2.03174 0.00209894875 0.00021992445279375703
2.04104 0.0021074375 0.0002293681338696635
2.05034 0.00212988375 0.00022810493615875742
2.05964 0.0021075608333000003 0.0002311747221351049
2.06894 0.0019951 0.00024232134750379555
2.07824 0.0019723583333 0.0002421345691452583
2.08753 0.0020202500000000003 0.00024045386451614366
2.09683 0.0018057112499999999 0.0002467019990618109
2.10613 0.0018766004167 0.00024515318490054904
2.11543 0.00198692625 0.00025365745476570395
2.12473 0.0017184570832999998 0.00024924259743828374
2.13403 0.00171322 0.000269418662797827
2.14333 0.0017751783333 0.0002578432707267561
2.15262 0.0016123991667000002 0.00026029846841107393
2.16192 0.0016312287500000002 0.00030862370330810127
2.17122 0.0018779062500000002 0.00027159246771257844
2.18052 0.00180265375 0.00029310458189120387
2.18982 0.0016824241667000002 0.0002803455611254518
2.19912 0.0018231854167000002 0.0003135318860980751
2.20842 0.0017612004167 0.0003040947275156279
2.21771 0.0014783712500000001 0.000291439220583199
2.22701 0.0014475154167 0.0003217035734440977
2.23631 0.0013571866667000001 0.00036335366217343643
2.24561 0.0015341154167000002 0.00031702829595817134
2.25491 0.0015829104167 0.00035176503884018614
2.26421 0.00162435375 0.0003357278788363061
2.27351 0.0015166816667 0.0003805219234701748
2.2828 0.0014312408333 0.0003490029144131077
2.2921 0.00133665375 0.0003981244279190088
2.3014 0.0013162583333 0.0003723194700802175
2.3107 0.0013049379167 0.0004310984068783172
2.32 0.0010201254167 0.0004142346357037819
2.3293 0.0013058979167 0.0003935012317335264
2.3386 0.0012455870833 0.000398985242231913
2.3479 0.0009569854167000001 0.0004520529134480885
2.35719 0.0010560533333 0.0004135645370995738
2.36649 0.0010698975 0.0004779274655821204
2.37579 0.0012018975000000001 0.00044465770111740697
2.38509 0.0011706570833 0.0005355727166360352
2.39439 0.00091269 0.0005014345603561298
2.40369 0.0010444608332999998 0.0005115920431024838
2.41299 0.0010674145833 0.0006292512153297111
2.42228 0.0014615658333 0.000792830974316029
2.43158 0.0013842474999999999 0.0008347670195487587
2.44088 0.0005724829167 0.0006657164097327769
2.45018 0.0001326266667 0.0007220486364491783
2.45948 0.0008095295833000001 0.000725156395873102
2.46878 0.0016819879167 0.0007465843877656633
2.47808 0.0016177183333 0.0007732019076675855
2.48737 0.00151955625 0.000884873168974826
2.49667 0.0005947025000000001 0.0008395932206590012
2.50597 0.00046524875 0.0007832717985896057
2.51527 0.00113998 0.000855620696633884
2.52457 0.00113919 0.0009503726937613276
2.53387 0.0016152887500000001 0.0017045251106182072
2.54317 0.0012962775 0.0024117142273780427
2.55246 0.0017579657499999998 0.004745385963401081
