q[nm-1] time=2017-08-25T17:42:45.519214+0200|I_title=SSH1_FT|||elev=4.14414e-06sah=-85sav=-1.49997|sav=-1.49997|dis=2.99977|T1=3276.7-time=2017-08-25T16:04:56.211499+0200|I_title=wat_FT_3|||elev=4.14414e-06sah=-85sav=-1.49997|sav=-1.49997|dis=2.99977|T1=3276.7 
2.7894900000e-02 4.1200000000e-03 1.3380496791e-02 
3.1614200000e-02 4.0000000000e-06 8.1772053836e-03 
3.5333500000e-02 -5.8800000000e-04 5.8452880900e-03 
3.9052800000e-02 -1.6100000000e-03 4.4287843407e-03 
4.2772200000e-02 -4.1460000000e-03 3.4592587526e-03 
4.6491500000e-02 -2.1240000000e-03 2.8067106445e-03 
5.0210800000e-02 -3.8000000000e-04 2.3355133379e-03 
5.3930100000e-02 -5.6000000000e-05 1.9703587657e-03 
5.7649400000e-02 -2.8400000000e-04 1.6859289101e-03 
6.1368800000e-02 -4.6400000000e-05 1.4630744513e-03 
6.5088100000e-02 -7.4940000000e-04 1.2762442230e-03 
6.8807400000e-02 -6.9680000000e-04 1.1252279450e-03 
7.2526700000e-02 -1.1361000000e-03 9.9604355459e-04 
7.6246000000e-02 -1.3571000000e-03 8.8226092778e-04 
7.9965300000e-02 -8.5380000000e-04 7.7172075419e-04 
8.3684700000e-02 -1.0414000000e-03 7.0133133940e-04 
8.7404000000e-02 -1.4807000000e-03 6.4144886001e-04 
9.1123300000e-02 -9.4110000000e-04 6.0078130520e-04 
9.4842600000e-02 -4.0630000000e-04 5.6470382994e-04 
9.8561900000e-02 -8.0500000000e-05 5.2730074532e-04 
1.0228100000e-01 1.7240000000e-04 4.9904662801e-04 
1.0600100000e-01 2.1540000000e-04 4.7237713488e-04 
1.0972000000e-01 -5.2300000000e-05 4.4528632360e-04 
1.1343900000e-01 -2.0600000000e-04 4.2351229562e-04 
1.1715900000e-01 -8.9500000000e-05 4.0766558619e-04 
1.2087800000e-01 -9.0100000000e-05 3.9051150619e-04 
1.2459700000e-01 -3.2460000000e-04 3.7297668014e-04 
1.2831600000e-01 -3.2160000000e-04 3.5838460593e-04 
1.3203600000e-01 -3.4700000000e-04 3.4634941190e-04 
1.3575500000e-01 -2.8670000000e-04 3.3542248369e-04 
1.3947400000e-01 3.6050000000e-04 3.3133211256e-04 
1.4319400000e-01 1.2460000000e-04 3.1877152024e-04 
1.4691300000e-01 4.3120000000e-05 3.0925899795e-04 
1.5063200000e-01 8.9270000000e-05 3.0178946733e-04 
1.5435200000e-01 7.8760000000e-05 2.9454532874e-04 
1.5807100000e-01 -4.0030000000e-05 2.8628022598e-04 
1.6179000000e-01 -3.9590000000e-05 2.8078400840e-04 
1.6551000000e-01 -2.7366000000e-04 2.7327908903e-04 
1.6922900000e-01 -7.9410000000e-05 2.7056850275e-04 
1.7294800000e-01 1.8380000000e-04 2.6840092646e-04 
1.7666800000e-01 1.5890000000e-04 2.6249199632e-04 
1.8038700000e-01 7.2440000000e-05 2.5615289382e-04 
1.8410600000e-01 2.1733000000e-04 2.5239214981e-04 
1.8782600000e-01 2.3199000000e-04 2.4880524223e-04 
1.9154500000e-01 3.2128000000e-04 2.4599629284e-04 
1.9526400000e-01 2.4361000000e-04 2.4121437852e-04 
1.9898400000e-01 1.3123000000e-04 2.3797771585e-04 
2.0270300000e-01 -1.2904000000e-04 2.3171802267e-04 
2.0642200000e-01 -2.7126000000e-04 2.2754704045e-04 
2.1014100000e-01 -1.1877000000e-04 2.2678640513e-04 
2.1386100000e-01 4.3110000000e-05 2.2622720217e-04 
2.1758000000e-01 -2.5610000000e-04 2.1937841641e-04 
2.2129900000e-01 -1.9720000000e-04 2.1739968960e-04 
2.2501900000e-01 2.9060000000e-05 2.1838773200e-04 
2.2873800000e-01 2.0649000000e-04 2.1760369179e-04 
2.3245700000e-01 4.1955000000e-04 2.1684914004e-04 
2.3617700000e-01 7.3435000000e-04 2.1723129700e-04 
2.3989600000e-01 3.0832000000e-04 2.1075374024e-04 
2.4361500000e-01 2.1196000000e-04 2.0835977947e-04 
2.4733500000e-01 1.4602000000e-04 2.0723908262e-04 
2.5105400000e-01 3.9923000000e-04 2.0717809012e-04 
2.5477300000e-01 6.5014000000e-04 2.0716263447e-04 
2.5849300000e-01 6.8048000000e-04 2.0621771986e-04 
2.6221200000e-01 4.8430000000e-04 2.0189739210e-04 
2.6593100000e-01 3.8522000000e-04 1.9961176903e-04 
2.6965100000e-01 6.9945000000e-04 2.0075103928e-04 
2.7337000000e-01 6.0140000000e-04 1.9752145302e-04 
2.7708900000e-01 3.1448000000e-04 1.9281297988e-04 
2.8080900000e-01 4.1524000000e-04 1.9231888500e-04 
2.8452800000e-01 3.3965000000e-04 1.9022293027e-04 
2.8824700000e-01 4.1384000000e-04 1.9000674710e-04 
2.9196600000e-01 4.3618000000e-04 1.8921234166e-04 
2.9568600000e-01 3.8961000000e-04 1.8699120441e-04 
2.9940500000e-01 4.0156000000e-04 1.8590514720e-04 
3.0312400000e-01 4.8654000000e-04 1.8556569885e-04 
3.0684400000e-01 5.4577000000e-04 1.8448826559e-04 
3.1056300000e-01 4.0717000000e-04 1.8220575727e-04 
3.1428200000e-01 6.0733000000e-04 1.8423525884e-04 
3.1800200000e-01 6.0945000000e-04 1.8304466263e-04 
3.2172100000e-01 4.8021000000e-04 1.8036562640e-04 
3.2544000000e-01 6.4549000000e-04 1.8006833060e-04 
3.2916000000e-01 7.1149000000e-04 1.7935805658e-04 
3.3287900000e-01 6.4480000000e-04 1.7804407350e-04 
3.3659800000e-01 5.5550000000e-04 1.7584837540e-04 
3.4031800000e-01 4.3262000000e-04 1.7387085330e-04 
3.4403700000e-01 5.5018000000e-04 1.7417475761e-04 
3.4775600000e-01 6.5432000000e-04 1.7415794265e-04 
3.5147600000e-01 6.6917000000e-04 1.7284210114e-04 
3.5519500000e-01 1.0128200000e-03 1.7383025314e-04 
3.5891400000e-01 9.1368000000e-04 1.7199234418e-04 
3.6263400000e-01 9.9209000000e-04 1.7169633725e-04 
3.6635300000e-01 1.2020200000e-03 1.7235828854e-04 
3.7007200000e-01 1.0308500000e-03 1.7139990022e-04 
3.7379100000e-01 1.0280200000e-03 1.7044849994e-04 
3.7751100000e-01 9.8388000000e-04 1.6875430362e-04 
3.8123000000e-01 1.0416300000e-03 1.6834489598e-04 
3.8494900000e-01 8.7471000000e-04 1.6649341842e-04 
3.8866900000e-01 8.8008000000e-04 1.6550265376e-04 
3.9238800000e-01 1.0559100000e-03 1.6627803828e-04 
3.9610700000e-01 1.0793600000e-03 1.6571800727e-04 
3.9982700000e-01 1.0747500000e-03 1.6455477431e-04 
4.0354600000e-01 1.1984600000e-03 1.6450777227e-04 
4.0726500000e-01 1.2546100000e-03 1.6422833493e-04 
4.1098500000e-01 1.1612300000e-03 1.6298546261e-04 
4.1470400000e-01 1.2246400000e-03 1.6246714066e-04 
4.1842300000e-01 1.5073900000e-03 1.6359782363e-04 
4.2214300000e-01 1.5503000000e-03 1.6340404525e-04 
4.2586200000e-01 1.6415200000e-03 1.6343708974e-04 
4.2958100000e-01 1.5612500000e-03 1.6156828856e-04 
4.3330100000e-01 1.6075400000e-03 1.6107062073e-04 
4.3702000000e-01 1.6364800000e-03 1.6052116954e-04 
4.4073900000e-01 1.8674900000e-03 1.6171543046e-04 
4.4445900000e-01 1.9042100000e-03 1.6161164139e-04 
4.4817800000e-01 1.9365400000e-03 1.6119383371e-04 
4.5189700000e-01 1.9376200000e-03 1.6050964636e-04 
4.5561700000e-01 2.2816500000e-03 1.6168738059e-04 
4.5933600000e-01 2.6318000000e-03 1.6328499743e-04 
4.6305500000e-01 2.7287900000e-03 1.6353714836e-04 
4.6677400000e-01 2.5723900000e-03 1.6156614192e-04 
4.7049400000e-01 2.6482400000e-03 1.6143545100e-04 
4.7421300000e-01 2.7679100000e-03 1.6151343764e-04 
4.7793200000e-01 3.0106600000e-03 1.6256744829e-04 
4.8165200000e-01 2.9924800000e-03 1.6167245525e-04 
4.8537100000e-01 2.9806900000e-03 1.6104368409e-04 
4.8909000000e-01 3.1100800000e-03 1.6312412834e-04 
4.9281000000e-01 3.2778800000e-03 1.6292110479e-04 
4.9652900000e-01 3.3663500000e-03 1.6300987788e-04 
5.0024800000e-01 3.4679100000e-03 1.6314371254e-04 
5.0396800000e-01 3.5768500000e-03 1.6265311476e-04 
5.0768700000e-01 3.7385300000e-03 1.6327544190e-04 
5.1140600000e-01 3.6307300000e-03 1.6132445668e-04 
5.1512600000e-01 3.9839600000e-03 1.6309216933e-04 
5.1884500000e-01 4.0202400000e-03 1.6274721319e-04 
5.2256400000e-01 3.8988500000e-03 1.6104206297e-04 
5.2628400000e-01 3.8878300000e-03 1.6027513988e-04 
5.3000300000e-01 4.1278600000e-03 1.6091055285e-04 
5.3372200000e-01 4.1752700000e-03 1.6078433985e-04 
5.3744100000e-01 4.3326900000e-03 1.6148041115e-04 
5.4116100000e-01 4.6354800000e-03 1.6296097311e-04 
5.4488000000e-01 4.7227000000e-03 1.6251523442e-04 
5.4859900000e-01 4.8640600000e-03 1.6291120939e-04 
5.5231900000e-01 5.0533900000e-03 1.6374548675e-04 
5.5603800000e-01 5.1778500000e-03 1.6333124256e-04 
5.5975700000e-01 5.0330700000e-03 1.6188014140e-04 
5.6347700000e-01 5.1562800000e-03 1.6184232073e-04 
5.6719600000e-01 5.2420600000e-03 1.6171121213e-04 
5.7091500000e-01 5.2244800000e-03 1.6097718075e-04 
5.7463500000e-01 5.2461700000e-03 1.6067396692e-04 
5.7835400000e-01 5.4450400000e-03 1.6086738355e-04 
5.8207300000e-01 5.5062600000e-03 1.6062660537e-04 
5.8579300000e-01 5.4335000000e-03 1.6005112414e-04 
5.8951200000e-01 5.7473300000e-03 1.6113803624e-04 
5.9323100000e-01 5.8017300000e-03 1.6086488464e-04 
5.9695100000e-01 5.5917300000e-03 1.5928977160e-04 
6.0067000000e-01 5.4130800000e-03 1.5790336031e-04 
6.0438900000e-01 5.5283000000e-03 1.5800362163e-04 
6.0810900000e-01 5.6439900000e-03 1.5800782012e-04 
6.1182800000e-01 5.5086600000e-03 1.5683240004e-04 
6.1554700000e-01 5.6991900000e-03 1.5728937658e-04 
6.1926700000e-01 5.9365100000e-03 1.5795052532e-04 
6.2298600000e-01 6.2008500000e-03 1.5891458636e-04 
6.2670500000e-01 6.1303500000e-03 1.5809564756e-04 
6.3042400000e-01 5.9413900000e-03 1.5664490508e-04 
6.3414400000e-01 5.9345800000e-03 1.5609039659e-04 
6.3786300000e-01 5.7702100000e-03 1.5493865191e-04 
6.4158200000e-01 5.6682500000e-03 1.5407586940e-04 
6.4530200000e-01 5.7752100000e-03 1.5399997012e-04 
6.4902100000e-01 5.8136200000e-03 1.5367857051e-04 
6.5274000000e-01 5.6961200000e-03 1.5277203709e-04 
6.5646000000e-01 5.8003700000e-03 1.5283939752e-04 
6.6017900000e-01 5.8551400000e-03 1.5259073878e-04 
6.6389800000e-01 5.8276200000e-03 1.5192483319e-04 
6.6761800000e-01 5.8574400000e-03 1.5145421272e-04 
6.7133700000e-01 5.9393800000e-03 1.5136293425e-04 
6.7505600000e-01 5.7441700000e-03 1.5017738985e-04 
6.7877600000e-01 5.8094700000e-03 1.5006408512e-04 
6.8249500000e-01 5.9924900000e-03 1.5051349359e-04 
6.8621400000e-01 6.0138500000e-03 1.5022241119e-04 
6.8993400000e-01 5.9906900000e-03 1.5002195471e-04 
6.9365300000e-01 5.9211000000e-03 1.4931138141e-04 
6.9737200000e-01 5.9753000000e-03 1.4903267336e-04 
7.0109200000e-01 6.1368800000e-03 1.4919676335e-04 
7.0481100000e-01 6.1388600000e-03 1.4870049542e-04 
7.0853000000e-01 5.7418100000e-03 1.4667204420e-04 
7.1224900000e-01 5.7195300000e-03 1.4594049649e-04 
7.1596900000e-01 5.8035300000e-03 1.4581264051e-04 
7.1968800000e-01 5.8927000000e-03 1.4590093272e-04 
7.2340700000e-01 6.0658100000e-03 1.4648769774e-04 
7.2712700000e-01 5.9693900000e-03 1.4576544232e-04 
7.3084600000e-01 5.6447900000e-03 1.4380972156e-04 
7.3456500000e-01 5.6573500000e-03 1.4347486815e-04 
7.3828500000e-01 5.8245600000e-03 1.4399313136e-04 
7.4200400000e-01 5.7220700000e-03 1.4384051566e-04 
7.4572300000e-01 5.7982600000e-03 1.4408405049e-04 
7.4944300000e-01 5.7076500000e-03 1.4336535785e-04 
7.5316200000e-01 5.3869500000e-03 1.4110625311e-04 
7.5688100000e-01 5.6228400000e-03 1.4139339653e-04 
7.6060100000e-01 5.9126600000e-03 1.4240942845e-04 
7.6432000000e-01 5.8968900000e-03 1.4248662552e-04 
7.6803900000e-01 6.0224900000e-03 1.4328050633e-04 
7.7175900000e-01 5.8802200000e-03 1.4165365299e-04 
7.7547800000e-01 5.8993800000e-03 1.4101516047e-04 
7.7919700000e-01 5.5675700000e-03 1.3941948618e-04 
7.8291600000e-01 5.4465500000e-03 1.3860331912e-04 
7.8663600000e-01 5.5381200000e-03 1.3854186235e-04 
7.9035500000e-01 5.6804700000e-03 1.3888729844e-04 
7.9407400000e-01 5.6876500000e-03 1.3843770994e-04 
7.9779400000e-01 5.6894400000e-03 1.3798142179e-04 
8.0151300000e-01 5.6069800000e-03 1.3743934332e-04 
8.0523200000e-01 5.7835600000e-03 1.3817146882e-04 
8.0895200000e-01 5.9482900000e-03 1.3848544106e-04 
8.1267100000e-01 5.8718100000e-03 1.3773106458e-04 
8.1639000000e-01 5.6473800000e-03 1.3637215361e-04 
8.2011000000e-01 5.7841500000e-03 1.3648201314e-04 
8.2382900000e-01 5.5816600000e-03 1.3528003727e-04 
8.2754800000e-01 5.5057600000e-03 1.3468335108e-04 
8.3126800000e-01 5.7391800000e-03 1.3557023936e-04 
8.3498700000e-01 5.8008800000e-03 1.3551509974e-04 
8.3870600000e-01 5.6624500000e-03 1.3456253466e-04 
8.4242600000e-01 5.6339200000e-03 1.3436293910e-04 
8.4614500000e-01 5.6218700000e-03 1.3388367137e-04 
8.4986400000e-01 5.7772500000e-03 1.3400884110e-04 
8.5358400000e-01 5.7170100000e-03 1.3409486114e-04 
8.5730300000e-01 5.7272500000e-03 1.3361808468e-04 
8.6102200000e-01 5.8752000000e-03 1.3403632789e-04 
8.6474200000e-01 5.8602500000e-03 1.3404564590e-04 
8.6846100000e-01 5.9119100000e-03 1.3387371102e-04 
8.7218000000e-01 5.8953800000e-03 1.3346921911e-04 
8.7589900000e-01 5.7858700000e-03 1.3258131141e-04 
8.7961900000e-01 5.6564100000e-03 1.3193377508e-04 
8.8333800000e-01 5.7956000000e-03 1.3229140387e-04 
8.8705700000e-01 5.8993800000e-03 1.3235873029e-04 
8.9077700000e-01 5.7598200000e-03 1.3121141515e-04 
8.9449600000e-01 5.5771400000e-03 1.2968919034e-04 
8.9821500000e-01 5.6060000000e-03 1.2971542989e-04 
9.0193500000e-01 5.7784900000e-03 1.3078058708e-04 
9.0565400000e-01 6.0144600000e-03 1.3176967394e-04 
9.0937300000e-01 6.0925800000e-03 1.3154722825e-04 
9.1309300000e-01 5.8751500000e-03 1.3078260879e-04 
9.1681200000e-01 5.9172900000e-03 1.3099925202e-04 
9.2053100000e-01 5.9187000000e-03 1.3071153235e-04 
9.2425100000e-01 5.9577300000e-03 1.2973663557e-04 
9.2797000000e-01 5.9422900000e-03 1.2934757529e-04 
9.3168900000e-01 6.0717600000e-03 1.2963039807e-04 
9.3540900000e-01 6.1264100000e-03 1.2991804387e-04 
9.3912800000e-01 6.0797900000e-03 1.2949569309e-04 
9.4284700000e-01 5.9660800000e-03 1.2800548032e-04 
9.4656700000e-01 6.0633600000e-03 1.2822858473e-04 
9.5028600000e-01 6.0855100000e-03 1.2799937147e-04 
9.5400500000e-01 6.1084700000e-03 1.2791524452e-04 
9.5772400000e-01 6.1729500000e-03 1.2809389269e-04 
9.6144400000e-01 6.1896400000e-03 1.2780081792e-04 
9.6516300000e-01 6.0358400000e-03 1.2665164952e-04 
9.6888200000e-01 6.2383500000e-03 1.2725707408e-04 
9.7260200000e-01 6.1831800000e-03 1.2673369302e-04 
9.7632100000e-01 6.0692600000e-03 1.2601522022e-04 
9.8004000000e-01 6.3093300000e-03 1.2676935652e-04 
9.8376000000e-01 6.2285000000e-03 1.2637341634e-04 
9.8747900000e-01 6.0529800000e-03 1.2539758543e-04 
9.9119800000e-01 6.0103000000e-03 1.2518247551e-04 
9.9491800000e-01 6.1943900000e-03 1.2541460247e-04 
9.9863700000e-01 6.3918300000e-03 1.2587941439e-04 
1.0023600000e+00 6.2639900000e-03 1.2512787034e-04 
1.0060800000e+00 6.2981100000e-03 1.2499268288e-04 
1.0097900000e+00 6.2093100000e-03 1.2451290979e-04 
1.0135100000e+00 6.2785800000e-03 1.2448731780e-04 
1.0172300000e+00 6.3526500000e-03 1.2445088682e-04 
1.0209500000e+00 6.3592400000e-03 1.2425881344e-04 
1.0246700000e+00 6.4535000000e-03 1.2443808488e-04 
1.0283900000e+00 6.4971200000e-03 1.2435291075e-04 
1.0321100000e+00 6.4710600000e-03 1.2405796569e-04 
1.0358300000e+00 6.5234300000e-03 1.2400525049e-04 
1.0395500000e+00 6.5608200000e-03 1.2438087687e-04 
1.0432700000e+00 6.4491300000e-03 1.2378375415e-04 
1.0469900000e+00 6.5112700000e-03 1.2364931536e-04 
1.0507100000e+00 6.5289100000e-03 1.2344384403e-04 
1.0544300000e+00 6.6114400000e-03 1.2352884695e-04 
1.0581500000e+00 6.6307600000e-03 1.2296178955e-04 
1.0618700000e+00 6.5225100000e-03 1.2249619914e-04 
1.0655800000e+00 6.4098200000e-03 1.2167329985e-04 
1.0693000000e+00 6.3281800000e-03 1.2117633721e-04 
1.0730200000e+00 6.3933000000e-03 1.2132420527e-04 
1.0767400000e+00 6.5690800000e-03 1.2188468362e-04 
1.0804600000e+00 6.5410900000e-03 1.2158051425e-04 
1.0841800000e+00 6.7536700000e-03 1.2193776902e-04 
1.0879000000e+00 6.8060500000e-03 1.2183862519e-04 
1.0916200000e+00 6.8403600000e-03 1.2173664796e-04 
1.0953400000e+00 6.6018800000e-03 1.2080156514e-04 
1.0990600000e+00 6.5047700000e-03 1.2026736683e-04 
1.1027800000e+00 6.4279500000e-03 1.1964515611e-04 
1.1065000000e+00 6.4276800000e-03 1.1950395859e-04 
1.1102200000e+00 6.5241600000e-03 1.1961468052e-04 
1.1139400000e+00 6.4030900000e-03 1.1893865996e-04 
1.1176600000e+00 6.5830600000e-03 1.1944280340e-04 
1.1213700000e+00 6.6157100000e-03 1.1926251872e-04 
1.1250900000e+00 6.7239000000e-03 1.1939480040e-04 
1.1288100000e+00 6.7467200000e-03 1.1940813873e-04 
1.1325300000e+00 6.6531400000e-03 1.1891217677e-04 
1.1362500000e+00 6.5881600000e-03 1.1849221969e-04 
1.1399700000e+00 6.6533500000e-03 1.1857223381e-04 
1.1436900000e+00 6.6255700000e-03 1.1810092991e-04 
1.1474100000e+00 6.7763700000e-03 1.1835483519e-04 
1.1511300000e+00 6.7912600000e-03 1.1817808246e-04 
1.1548500000e+00 6.5213100000e-03 1.1703782210e-04 
1.1585700000e+00 6.5145000000e-03 1.1684707216e-04 
1.1622900000e+00 6.5778900000e-03 1.1697033412e-04 
1.1660100000e+00 6.5780500000e-03 1.1676052734e-04 
1.1697300000e+00 6.6286700000e-03 1.1677316432e-04 
1.1734400000e+00 6.7350200000e-03 1.1687940830e-04 
1.1771600000e+00 6.8008100000e-03 1.1702814205e-04 
1.1808800000e+00 6.9179600000e-03 1.1724118407e-04 
1.1846000000e+00 6.8979700000e-03 1.1693891504e-04 
1.1883200000e+00 6.7303800000e-03 1.1622618528e-04 
1.1920400000e+00 6.6087900000e-03 1.1550488148e-04 
1.1957600000e+00 6.4715200000e-03 1.1472413899e-04 
1.1994800000e+00 6.6418200000e-03 1.1499476992e-04 
1.2032000000e+00 6.5617700000e-03 1.1459789311e-04 
1.2069200000e+00 6.4676700000e-03 1.1414248151e-04 
1.2106400000e+00 6.7584000000e-03 1.1510610287e-04 
1.2143600000e+00 6.7516000000e-03 1.1492377119e-04 
1.2180800000e+00 6.6978300000e-03 1.1454114191e-04 
1.2218000000e+00 6.6998400000e-03 1.1425306275e-04 
1.2255200000e+00 6.7938400000e-03 1.1444021467e-04 
1.2292300000e+00 6.7715500000e-03 1.1428785235e-04 
1.2329500000e+00 6.8296500000e-03 1.1421926543e-04 
1.2366700000e+00 6.8352800000e-03 1.1403937599e-04 
1.2403900000e+00 6.7804300000e-03 1.1379835433e-04 
1.2441100000e+00 6.7040700000e-03 1.1340760894e-04 
1.2478300000e+00 6.6757900000e-03 1.1315776259e-04 
1.2515500000e+00 6.6915300000e-03 1.1286046511e-04 
1.2552700000e+00 6.5922600000e-03 1.1233890232e-04 
1.2589900000e+00 6.5256800000e-03 1.1189380316e-04 
1.2627100000e+00 6.6165900000e-03 1.1217501734e-04 
1.2664300000e+00 6.4431700000e-03 1.1138819226e-04 
1.2701500000e+00 6.3792700000e-03 1.1103763761e-04 
1.2738700000e+00 6.6088200000e-03 1.1164155791e-04 
1.2775900000e+00 6.7872800000e-03 1.1206676400e-04 
1.2813100000e+00 6.7200600000e-03 1.1169433628e-04 
1.2850200000e+00 6.6069600000e-03 1.1109133199e-04 
1.2887400000e+00 6.5258300000e-03 1.1054699014e-04 
1.2924600000e+00 6.4716100000e-03 1.1030499502e-04 
1.2961800000e+00 6.4574000000e-03 1.1009594744e-04 
1.2999000000e+00 6.3831500000e-03 1.0958912656e-04 
1.3036200000e+00 6.4025400000e-03 1.0966181809e-04 
1.3073400000e+00 6.4943500000e-03 1.0983921024e-04 
1.3110600000e+00 6.5677800000e-03 1.0984739529e-04 
1.3147800000e+00 6.5373000000e-03 1.0954080344e-04 
1.3185000000e+00 6.4893500000e-03 1.0914206182e-04 
1.3222200000e+00 6.3889400000e-03 1.0872673498e-04 
1.3259400000e+00 6.4119900000e-03 1.0858257110e-04 
1.3296600000e+00 6.3747200000e-03 1.0832444317e-04 
1.3333800000e+00 6.2684400000e-03 1.0781741924e-04 
1.3370900000e+00 6.3504900000e-03 1.0782194137e-04 
1.3408100000e+00 6.3201600000e-03 1.0755532125e-04 
1.3445300000e+00 6.3696100000e-03 1.0764441171e-04 
1.3482500000e+00 6.3165300000e-03 1.0731484371e-04 
1.3519700000e+00 6.3193600000e-03 1.0716692526e-04 
1.3556900000e+00 6.5252000000e-03 1.0776341548e-04 
1.3594100000e+00 6.3877600000e-03 1.0715990194e-04 
1.3631300000e+00 6.2843900000e-03 1.0658697940e-04 
1.3668500000e+00 6.2699000000e-03 1.0636406995e-04 
1.3705700000e+00 6.4020400000e-03 1.0668545194e-04 
1.3742900000e+00 6.4103500000e-03 1.0665019372e-04 
1.3780100000e+00 6.2482000000e-03 1.0603840591e-04 
1.3817300000e+00 6.0169900000e-03 1.0502696463e-04 
1.3854500000e+00 6.1159700000e-03 1.0518281183e-04 
1.3891700000e+00 5.9922700000e-03 1.0458896160e-04 
1.3928800000e+00 5.9638500000e-03 1.0422237858e-04 
1.3966000000e+00 5.9134400000e-03 1.0391743429e-04 
1.4003200000e+00 6.0877600000e-03 1.0443507333e-04 
1.4040400000e+00 6.1350300000e-03 1.0442729277e-04 
1.4077600000e+00 6.0855500000e-03 1.0413114716e-04 
1.4114800000e+00 6.0990000000e-03 1.0400301678e-04 
1.4152000000e+00 6.2223000000e-03 1.0431540720e-04 
1.4189200000e+00 6.0778200000e-03 1.0371977543e-04 
1.4226400000e+00 5.9166200000e-03 1.0301165642e-04 
1.4263600000e+00 5.9806900000e-03 1.0300715701e-04 
1.4300800000e+00 5.9974200000e-03 1.0304670437e-04 
1.4338000000e+00 5.9854400000e-03 1.0290082571e-04 
1.4375200000e+00 5.8770800000e-03 1.0232065375e-04 
1.4412400000e+00 5.9148900000e-03 1.0240937779e-04 
1.4449600000e+00 6.0158500000e-03 1.0255588748e-04 
1.4486700000e+00 5.8909100000e-03 1.0194277230e-04 
1.4523900000e+00 5.8353800000e-03 1.0168135853e-04 
1.4561100000e+00 5.8823000000e-03 1.0169200082e-04 
1.4598300000e+00 5.9098500000e-03 1.0159989857e-04 
1.4635500000e+00 5.7853800000e-03 1.0106407770e-04 
1.4672700000e+00 5.7096500000e-03 1.0061667902e-04 
1.4709900000e+00 5.6849900000e-03 1.0050830200e-04 
1.4747100000e+00 5.7938800000e-03 1.0082166784e-04 
1.4784300000e+00 5.8632300000e-03 1.0085354977e-04 
1.4821500000e+00 5.7956000000e-03 1.0043709714e-04 
1.4858700000e+00 5.6874000000e-03 9.9958187392e-05 
1.4895900000e+00 5.5483200000e-03 9.9465427708e-05 
1.4933100000e+00 5.5541100000e-03 9.9230391884e-05 
1.4970300000e+00 5.5535700000e-03 9.8981961333e-05 
1.5007400000e+00 5.6145500000e-03 9.9118376116e-05 
1.5044600000e+00 5.6382100000e-03 9.9118174041e-05 
1.5081800000e+00 5.5557700000e-03 9.8806282721e-05 
1.5119000000e+00 5.4031700000e-03 9.8138695928e-05 
1.5156200000e+00 5.4320400000e-03 9.8117902558e-05 
1.5193400000e+00 5.4863900000e-03 9.8201984793e-05 
1.5230600000e+00 5.4742200000e-03 9.7977035534e-05 
1.5267800000e+00 5.4658600000e-03 9.7727475820e-05 
1.5305000000e+00 5.4119900000e-03 9.7458638028e-05 
1.5342200000e+00 5.4369700000e-03 9.7476508925e-05 
1.5379400000e+00 5.6454600000e-03 9.7999007580e-05 
1.5416600000e+00 5.7368400000e-03 9.8198154550e-05 
1.5453800000e+00 5.4881300000e-03 9.7264015427e-05 
1.5491000000e+00 5.3326900000e-03 9.6627887439e-05 
1.5528200000e+00 5.2325900000e-03 9.6205561880e-05 
1.5565300000e+00 5.1747900000e-03 9.5902339988e-05 
1.5602500000e+00 5.0573400000e-03 9.5486883975e-05 
1.5639700000e+00 5.2304200000e-03 9.5922519746e-05 
1.5676900000e+00 5.3051500000e-03 9.6085115210e-05 
1.5714100000e+00 5.2217900000e-03 9.5718387486e-05 
1.5751300000e+00 5.1450200000e-03 9.5274725195e-05 
1.5788500000e+00 5.1624700000e-03 9.5143352408e-05 
1.5825700000e+00 5.1621400000e-03 9.5121161058e-05 
1.5862900000e+00 4.9922700000e-03 9.4519913240e-05 
1.5900100000e+00 5.0522900000e-03 9.4587550027e-05 
1.5937300000e+00 5.0696200000e-03 9.4404334384e-05 
1.5974500000e+00 5.1328800000e-03 9.4366994681e-05 
1.6011700000e+00 5.1736500000e-03 9.4378978031e-05 
1.6048900000e+00 5.1382600000e-03 9.4211822051e-05 
1.6086100000e+00 5.1047900000e-03 9.4031939513e-05 
1.6123200000e+00 5.0107700000e-03 9.3671585948e-05 
1.6160400000e+00 4.8142300000e-03 9.2905970964e-05 
1.6197600000e+00 4.7990900000e-03 9.2559497228e-05 
1.6234800000e+00 4.8952700000e-03 9.2711554636e-05 
1.6272000000e+00 4.8157600000e-03 9.2442497561e-05 
1.6309200000e+00 4.6758700000e-03 9.1910644041e-05 
1.6346400000e+00 4.6584300000e-03 9.1740927353e-05 
1.6383600000e+00 4.6259600000e-03 9.1697989461e-05 
1.6420800000e+00 4.6920600000e-03 9.3502494911e-05 
1.6458000000e+00 4.7123300000e-03 9.2774315825e-05 
1.6495200000e+00 4.6957800000e-03 9.3328253668e-05 
1.6532400000e+00 4.5488100000e-03 9.2833327483e-05 
1.6569600000e+00 4.5849400000e-03 9.3252737418e-05 
1.6606800000e+00 4.6463000000e-03 9.3225076200e-05 
1.6643900000e+00 4.7217200000e-03 9.3451034428e-05 
1.6681100000e+00 4.6241900000e-03 9.4769900461e-05 
1.6718300000e+00 4.5687300000e-03 9.4808652581e-05 
1.6755500000e+00 4.4372100000e-03 9.4436805126e-05 
1.6792700000e+00 4.4576800000e-03 9.5970226640e-05 
1.6829900000e+00 4.5209900000e-03 9.6568502279e-05 
1.6867100000e+00 4.5233700000e-03 9.7146555831e-05 
1.6904300000e+00 4.5613300000e-03 9.6642480634e-05 
1.6941500000e+00 4.4954200000e-03 9.6422999782e-05 
1.6978700000e+00 4.4404000000e-03 9.8162488441e-05 
1.7015900000e+00 4.3904900000e-03 9.7919599031e-05 
1.7053100000e+00 4.3320500000e-03 9.6556605467e-05 
1.7090300000e+00 4.3378100000e-03 9.6841440155e-05 
1.7127500000e+00 4.3654200000e-03 9.8898656323e-05 
1.7164700000e+00 4.2662800000e-03 9.8999891642e-05 
1.7201800000e+00 4.2341700000e-03 9.7175820013e-05 
1.7239000000e+00 4.3472600000e-03 9.7745585013e-05 
1.7276200000e+00 4.3603900000e-03 9.7641047824e-05 
1.7313400000e+00 4.2801900000e-03 9.8032356670e-05 
1.7350600000e+00 4.2116000000e-03 9.7910812646e-05 
1.7387800000e+00 4.2408500000e-03 9.7632785445e-05 
1.7425000000e+00 4.0909300000e-03 9.9842617073e-05 
1.7462200000e+00 4.1223900000e-03 1.0080824457e-04 
1.7499400000e+00 4.1830700000e-03 9.8297309770e-05 
1.7536600000e+00 4.2013500000e-03 1.0080173876e-04 
1.7573800000e+00 4.0545300000e-03 9.9186802465e-05 
1.7611000000e+00 3.9392700000e-03 9.7971512801e-05 
1.7648200000e+00 3.8728800000e-03 9.8560562258e-05 
1.7685400000e+00 3.9929000000e-03 9.8112881477e-05 
1.7722600000e+00 3.9558000000e-03 9.8292618047e-05 
1.7759700000e+00 3.9934600000e-03 9.8678046191e-05 
1.7796900000e+00 4.0152900000e-03 9.8485141186e-05 
1.7834100000e+00 3.8772500000e-03 9.8537812500e-05 
1.7871300000e+00 3.8817500000e-03 9.8555992405e-05 
1.7908500000e+00 3.8409500000e-03 9.8192085364e-05 
1.7945700000e+00 3.9053400000e-03 9.9018150579e-05 
1.7982900000e+00 3.8477500000e-03 9.8168566754e-05 
1.8020100000e+00 3.8540100000e-03 9.8086976546e-05 
1.8057300000e+00 3.8208500000e-03 9.9825530040e-05 
1.8094500000e+00 3.6977300000e-03 1.0028056447e-04 
1.8131700000e+00 3.6275000000e-03 9.8070985916e-05 
1.8168900000e+00 3.5123000000e-03 9.7406155519e-05 
1.8206100000e+00 3.4368900000e-03 9.9145695650e-05 
1.8243300000e+00 3.5602800000e-03 1.0177100489e-04 
1.8280400000e+00 3.5836700000e-03 1.0003032824e-04 
1.8317600000e+00 3.5447900000e-03 9.7910915833e-05 
1.8354800000e+00 3.5963200000e-03 9.8941768512e-05 
1.8392000000e+00 3.5682600000e-03 9.8708107182e-05 
1.8429200000e+00 3.4465200000e-03 9.9597496826e-05 
1.8466400000e+00 3.3232000000e-03 9.7193969694e-05 
1.8503600000e+00 3.3677100000e-03 9.7989850239e-05 
1.8540800000e+00 3.4377400000e-03 1.0508020547e-04 
1.8578000000e+00 3.3635100000e-03 1.0753759364e-04 
1.8615200000e+00 3.4125600000e-03 1.0015678487e-04 
1.8652400000e+00 3.4575200000e-03 1.0142153854e-04 
1.8689600000e+00 3.2173300000e-03 1.0267223737e-04 
1.8726800000e+00 3.1363200000e-03 1.0213894188e-04 
1.8764000000e+00 3.2543700000e-03 1.0501317329e-04 
1.8801200000e+00 3.1823700000e-03 1.0230641403e-04 
1.8838300000e+00 3.1387100000e-03 1.0363021507e-04 
1.8875500000e+00 3.2579700000e-03 1.0981771114e-04 
1.8912700000e+00 3.1928200000e-03 1.0767536085e-04 
1.8949900000e+00 3.1031600000e-03 1.0702138683e-04 
1.8987100000e+00 3.2501900000e-03 1.0566135941e-04 
1.9024300000e+00 3.0818900000e-03 1.0734995314e-04 
1.9061500000e+00 2.9033900000e-03 1.0774901470e-04 
1.9098700000e+00 3.0240600000e-03 1.0958436660e-04 
1.9135900000e+00 3.1304100000e-03 1.1200112985e-04 
1.9173100000e+00 3.1350900000e-03 1.1080672320e-04 
1.9210300000e+00 3.0380700000e-03 1.1323173819e-04 
1.9247500000e+00 2.8131900000e-03 1.1075305932e-04 
1.9284700000e+00 2.8251600000e-03 1.1964604367e-04 
1.9321900000e+00 2.9824900000e-03 1.1752839802e-04 
1.9359100000e+00 2.8588000000e-03 1.1293268639e-04 
1.9396200000e+00 2.9056700000e-03 1.1443421863e-04 
1.9433400000e+00 2.8972400000e-03 1.1757912722e-04 
1.9470600000e+00 2.9295900000e-03 1.2046663442e-04 
1.9507800000e+00 2.8716100000e-03 1.2285610764e-04 
1.9545000000e+00 2.9075400000e-03 1.1934463474e-04 
1.9582200000e+00 2.7844100000e-03 1.1809177390e-04 
1.9619400000e+00 2.6549400000e-03 1.1940445465e-04 
1.9656600000e+00 2.5444000000e-03 1.1690020395e-04 
1.9693800000e+00 2.5296200000e-03 1.2178755382e-04 
1.9731000000e+00 2.4594000000e-03 1.2727960021e-04 
1.9768200000e+00 2.4635100000e-03 1.1894293553e-04 
1.9805400000e+00 2.5726000000e-03 1.1880206282e-04 
1.9842600000e+00 2.6777100000e-03 1.2431371635e-04 
1.9879800000e+00 2.7294300000e-03 1.2607102292e-04 
1.9916900000e+00 2.6069100000e-03 1.2187213288e-04 
1.9954100000e+00 2.4133000000e-03 1.2268284662e-04 
1.9991300000e+00 2.5056500000e-03 1.2414579783e-04 
2.0028500000e+00 2.4540500000e-03 1.2565267023e-04 
2.0065700000e+00 2.3585100000e-03 1.2398826315e-04 
2.0102900000e+00 2.3880700000e-03 1.2625933372e-04 
2.0140100000e+00 2.4763500000e-03 1.3763130971e-04 
2.0177300000e+00 2.2742300000e-03 1.3057175338e-04 
2.0214500000e+00 2.3526000000e-03 1.2800538217e-04 
2.0251700000e+00 2.5241600000e-03 1.3069221752e-04 
2.0288900000e+00 2.4547300000e-03 1.2946309075e-04 
2.0326100000e+00 2.3829000000e-03 1.2969784794e-04 
2.0363300000e+00 2.4588200000e-03 1.2902017670e-04 
2.0400500000e+00 2.3221800000e-03 1.3272221172e-04 
2.0437700000e+00 2.3351700000e-03 1.3905693845e-04 
2.0474800000e+00 2.2315300000e-03 1.3879526229e-04 
2.0512000000e+00 2.1513400000e-03 1.3092141389e-04 
2.0549200000e+00 2.1825200000e-03 1.3688038428e-04 
2.0586400000e+00 2.2015600000e-03 1.4004116840e-04 
2.0623600000e+00 2.1590700000e-03 1.3535841669e-04 
2.0660800000e+00 2.1879300000e-03 1.3175799765e-04 
2.0698000000e+00 2.2111800000e-03 1.3541839947e-04 
2.0735200000e+00 2.3552800000e-03 1.3995746244e-04 
2.0772400000e+00 2.2031500000e-03 1.4894796893e-04 
2.0809600000e+00 1.9937400000e-03 1.4159113305e-04 
2.0846800000e+00 1.9614200000e-03 1.4179077965e-04 
2.0884000000e+00 2.1665900000e-03 1.4198513088e-04 
2.0921200000e+00 2.0064600000e-03 1.4628819127e-04 
2.0958400000e+00 1.9305800000e-03 1.3799970561e-04 
2.0995600000e+00 1.8107200000e-03 1.3959914940e-04 
2.1032700000e+00 1.7546500000e-03 1.4421144588e-04 
2.1069900000e+00 1.8916400000e-03 1.4344303283e-04 
2.1107100000e+00 2.0627000000e-03 1.5191278881e-04 
2.1144300000e+00 2.2116200000e-03 1.5773832365e-04 
2.1181500000e+00 2.2363900000e-03 1.5435127138e-04 
2.1218700000e+00 2.1205600000e-03 1.5539883727e-04 
2.1255900000e+00 1.8556700000e-03 1.4608876640e-04 
2.1293100000e+00 1.6776100000e-03 1.4313598372e-04 
2.1330300000e+00 1.7210500000e-03 1.4780797110e-04 
2.1367500000e+00 1.6328800000e-03 1.6216297332e-04 
2.1404700000e+00 1.4864400000e-03 1.5817139810e-04 
2.1441900000e+00 1.6216900000e-03 1.4929538352e-04 
2.1479100000e+00 1.9089100000e-03 1.5589384931e-04 
2.1516300000e+00 1.8147500000e-03 1.4708399778e-04 
2.1553400000e+00 1.9036300000e-03 1.5243972817e-04 
2.1590600000e+00 1.8710600000e-03 1.6224993188e-04 
2.1627800000e+00 1.7108300000e-03 1.7000934971e-04 
2.1665000000e+00 1.7343600000e-03 1.7081700791e-04 
2.1702200000e+00 1.7504000000e-03 1.5863154499e-04 
2.1739400000e+00 1.9047400000e-03 1.7861689220e-04 
2.1776600000e+00 1.9657500000e-03 1.6367307506e-04 
2.1813800000e+00 1.8858400000e-03 1.6410302346e-04 
2.1851000000e+00 1.7903400000e-03 1.8650964687e-04 
2.1888200000e+00 1.6584500000e-03 1.7320061579e-04 
2.1925400000e+00 1.5837400000e-03 1.5844265447e-04 
2.1962600000e+00 1.4897100000e-03 1.6202429049e-04 
2.1999800000e+00 1.6899800000e-03 1.7738007231e-04 
2.2037000000e+00 1.5011900000e-03 1.7540438635e-04 
2.2074200000e+00 1.2456400000e-03 2.1147677456e-04 
2.2111300000e+00 1.3391900000e-03 1.9813703392e-04 
2.2148500000e+00 1.2936000000e-03 1.6155120959e-04 
2.2185700000e+00 1.4352800000e-03 1.6425417274e-04 
2.2222900000e+00 1.6169000000e-03 1.6869437249e-04 
2.2260100000e+00 1.7154700000e-03 1.7509583647e-04 
2.2297300000e+00 1.5130800000e-03 1.9095887269e-04 
2.2334500000e+00 1.3604900000e-03 2.0517457073e-04 
2.2371700000e+00 1.5173100000e-03 1.9815738078e-04 
2.2408900000e+00 1.7721500000e-03 2.0225953033e-04 
2.2446100000e+00 1.6523900000e-03 1.8327633064e-04 
2.2483300000e+00 1.4039800000e-03 1.7520019950e-04 
2.2520500000e+00 1.4283200000e-03 1.8250240840e-04 
2.2557700000e+00 1.5213000000e-03 1.9900681207e-04 
2.2594900000e+00 1.5724900000e-03 2.3708397550e-04 
2.2632100000e+00 1.4387100000e-03 1.9870130479e-04 
2.2669200000e+00 1.2458300000e-03 2.1523352324e-04 
2.2706400000e+00 1.2623400000e-03 1.9583803057e-04 
2.2743600000e+00 1.3278900000e-03 2.0563147741e-04 
2.2780800000e+00 1.2039600000e-03 2.1528955836e-04 
2.2818000000e+00 9.6440000000e-04 2.1396801139e-04 
2.2855200000e+00 1.3156500000e-03 2.2586490644e-04 
2.2892400000e+00 1.3586500000e-03 2.4688628863e-04 
2.2929600000e+00 1.0859400000e-03 2.2478397186e-04 
2.2966800000e+00 1.0346700000e-03 1.9714184517e-04 
2.3004000000e+00 1.0252200000e-03 2.0127172831e-04 
2.3041200000e+00 9.9608000000e-04 2.0622495602e-04 
2.3078400000e+00 1.0807400000e-03 2.1961203379e-04 
2.3115600000e+00 1.3087500000e-03 2.2908080890e-04 
2.3152800000e+00 1.3080000000e-03 2.4691828167e-04 
2.3189900000e+00 1.4570500000e-03 2.9048008016e-04 
2.3227100000e+00 1.1398100000e-03 2.4401236541e-04 
2.3264300000e+00 1.0152000000e-03 2.1099506938e-04 
2.3301500000e+00 1.1429100000e-03 2.1702803014e-04 
2.3338700000e+00 1.0748200000e-03 2.2417543605e-04 
2.3375900000e+00 1.1904000000e-03 2.4871133203e-04 
2.3413100000e+00 9.8301000000e-04 2.4761321338e-04 
2.3450300000e+00 9.6103000000e-04 2.3936956466e-04 
2.3487500000e+00 1.2083400000e-03 2.6785542639e-04 
2.3524700000e+00 1.2696600000e-03 2.7711288645e-04 
2.3561900000e+00 1.1142900000e-03 2.4210044684e-04 
2.3599100000e+00 1.0850900000e-03 2.6093900297e-04 
2.3636300000e+00 9.1836000000e-04 2.3976575900e-04 
2.3673500000e+00 7.6408000000e-04 2.5933968882e-04 
2.3710700000e+00 1.1002400000e-03 2.5652541187e-04 
2.3747800000e+00 1.2799500000e-03 2.5025517931e-04 
2.3785000000e+00 1.0649100000e-03 2.6959734551e-04 
2.3822200000e+00 1.0058500000e-03 3.2236036102e-04 
2.3859400000e+00 1.0313900000e-03 2.9970667990e-04 
2.3896600000e+00 1.3926200000e-03 2.9851879657e-04 
2.3933800000e+00 1.3449600000e-03 3.0104446853e-04 
2.3971000000e+00 1.2121300000e-03 3.6158478900e-04 
2.4008200000e+00 8.5842000000e-04 3.7997835734e-04 
2.4045400000e+00 9.3130000000e-04 3.8523736552e-04 
2.4082600000e+00 8.7532000000e-04 3.0418644407e-04 
2.4119800000e+00 6.3412000000e-04 3.3270336422e-04 
2.4157000000e+00 9.4809000000e-04 4.3028079333e-04 
2.4194200000e+00 1.6155900000e-03 4.1260382776e-04 
2.4231400000e+00 1.4160500000e-03 5.6543375253e-04 
2.4268600000e+00 8.2169000000e-04 3.7463311949e-04 
2.4305700000e+00 3.6949000000e-04 3.7232598937e-04 
2.4342900000e+00 4.8681000000e-04 4.1639343872e-04 
2.4380100000e+00 4.4385000000e-04 4.2080988510e-04 
2.4417300000e+00 4.8361000000e-04 3.7690840730e-04 
2.4454500000e+00 2.0541000000e-04 3.7899123719e-04 
2.4491700000e+00 5.9787000000e-04 4.0288898757e-04 
2.4528900000e+00 5.3449000000e-04 4.5528734975e-04 
2.4566100000e+00 4.8438000000e-04 5.3338129878e-04 
2.4603300000e+00 4.4983000000e-04 3.9445009979e-04 
2.4640500000e+00 5.1432000000e-04 4.0700161883e-04 
2.4677700000e+00 3.7072000000e-04 4.3388605430e-04 
2.4714900000e+00 1.0913900000e-03 5.0481231165e-04 
2.4752100000e+00 1.0962700000e-03 4.1905693150e-04 
2.4789300000e+00 5.8711000000e-04 4.1756393202e-04 
2.4826500000e+00 6.3484000000e-04 4.2889399110e-04 
2.4863600000e+00 6.6150000000e-04 4.3966830510e-04 
2.4900800000e+00 6.8191000000e-04 4.8151629559e-04 
2.4938000000e+00 8.0434000000e-04 6.3560470555e-04 
2.4975200000e+00 9.3559000000e-04 4.5924910946e-04 
2.5012400000e+00 7.5683000000e-04 4.7410303706e-04 
2.5049600000e+00 2.3041000000e-04 4.6520885256e-04 
2.5086800000e+00 -1.5646000000e-04 5.5051682386e-04 
2.5124000000e+00 3.4750000000e-04 4.5271903234e-04 
2.5161200000e+00 6.8830000000e-04 4.7481996765e-04 
2.5198400000e+00 8.2102000000e-04 4.8727102898e-04 
2.5235600000e+00 7.1145000000e-04 5.1043223450e-04 
2.5272800000e+00 8.0823000000e-04 5.3104752007e-04 
2.5310000000e+00 7.7522000000e-04 6.2562907582e-04 
2.5347200000e+00 -3.3472000000e-04 7.8662151500e-04 
2.5384300000e+00 -5.6675000000e-04 8.7823956030e-04 
2.5421500000e+00 -5.0838000000e-04 7.3536732025e-04 
2.5458700000e+00 -5.6216000000e-04 9.3913700910e-04 
2.5495900000e+00 6.7129000000e-04 1.6201561657e-03 
2.5533100000e+00 -2.3530000000e-05 2.4460113207e-03 
