q[nm-1] time=2017-08-25T17:54:39.604838+0200|I_title=SSH2_FT|||elev=4.14414e-06sah=-85sav=-1.49997|sav=-1.49997|dis=2.99977|T1=3276.7-time=2017-08-25T16:04:56.211499+0200|I_title=wat_FT_3|||elev=4.14414e-06sah=-85sav=-1.49997|sav=-1.49997|dis=2.99977|T1=3276.7 
2.7894900000e-02 -1.3520000000e-02 1.3531344633e-02 
3.1614200000e-02 -5.8230000000e-03 8.2924591445e-03 
3.5333500000e-02 -6.8830000000e-03 5.9134076702e-03 
3.9052800000e-02 -9.6630000000e-03 4.4628210891e-03 
4.2772200000e-02 -7.6230000000e-03 3.4982185840e-03 
4.6491500000e-02 -4.7540000000e-03 2.8389880412e-03 
5.0210800000e-02 -6.1530000000e-03 2.3378631461e-03 
5.3930100000e-02 -4.7750000000e-03 1.9713906012e-03 
5.7649400000e-02 -1.1280000000e-03 1.7088462421e-03 
6.1368800000e-02 -1.7480000000e-04 1.4872934867e-03 
6.5088100000e-02 -1.5569000000e-03 1.2915142355e-03 
6.8807400000e-02 -1.4758000000e-03 1.1381199435e-03 
7.2526700000e-02 -1.4689000000e-03 1.0105666175e-03 
7.6246000000e-02 -2.2549000000e-03 8.9047554829e-04 
7.9965300000e-02 -1.6766000000e-03 7.7789629588e-04 
8.3684700000e-02 -1.2013000000e-03 7.1253466227e-04 
8.7404000000e-02 -1.0224000000e-03 6.5774105295e-04 
9.1123300000e-02 -2.6900000000e-04 6.1858999210e-04 
9.4842600000e-02 -3.1320000000e-04 5.7599111017e-04 
9.8561900000e-02 -3.9390000000e-04 5.3399132083e-04 
1.0228100000e-01 2.6310000000e-04 5.0953188523e-04 
1.0600100000e-01 4.9900000000e-04 4.8443152023e-04 
1.0972000000e-01 5.5580000000e-04 4.6061706949e-04 
1.1343900000e-01 1.1280000000e-04 4.3568702600e-04 
1.1715900000e-01 -2.4700000000e-04 4.1405217808e-04 
1.2087800000e-01 -3.0850000000e-04 3.9580266813e-04 
1.2459700000e-01 -4.1270000000e-04 3.7929113545e-04 
1.2831600000e-01 -3.9810000000e-04 3.6465885497e-04 
1.3203600000e-01 -3.3920000000e-04 3.5341617473e-04 
1.3575500000e-01 -5.0990000000e-04 3.3968654766e-04 
1.3947400000e-01 -4.6392000000e-04 3.2825232949e-04 
1.4319400000e-01 -1.0090000000e-04 3.2271232551e-04 
1.4691300000e-01 -1.6487000000e-04 3.1335221774e-04 
1.5063200000e-01 -2.9298000000e-04 3.0367487163e-04 
1.5435200000e-01 -4.6427000000e-04 2.9440267832e-04 
1.5807100000e-01 9.8360000000e-05 2.9393881092e-04 
1.6179000000e-01 4.2223000000e-04 2.9205237123e-04 
1.6551000000e-01 4.5006000000e-04 2.8740496583e-04 
1.6922900000e-01 1.3081000000e-04 2.7895401657e-04 
1.7294800000e-01 -5.2401000000e-04 2.6599812803e-04 
1.7666800000e-01 -4.7998000000e-04 2.6081707230e-04 
1.8038700000e-01 -1.4602000000e-04 2.5926538840e-04 
1.8410600000e-01 -2.1295000000e-04 2.5309906412e-04 
1.8782600000e-01 -1.0920000000e-04 2.5029103957e-04 
1.9154500000e-01 4.5780000000e-05 2.4822990883e-04 
1.9526400000e-01 9.1590000000e-05 2.4488653767e-04 
1.9898400000e-01 3.4600000000e-05 2.4218499308e-04 
2.0270300000e-01 1.1466000000e-04 2.3956405481e-04 
2.0642200000e-01 8.0710000000e-05 2.3646542126e-04 
2.1014100000e-01 -2.4298000000e-04 2.3047916366e-04 
2.1386100000e-01 -2.4723000000e-04 2.2771485565e-04 
2.1758000000e-01 -6.3470000000e-05 2.2645498624e-04 
2.2129900000e-01 -3.3000000000e-07 2.2431898836e-04 
2.2501900000e-01 -1.7397000000e-04 2.2109020244e-04 
2.2873800000e-01 8.5500000000e-06 2.2038914471e-04 
2.3245700000e-01 4.5297000000e-04 2.2205500469e-04 
2.3617700000e-01 6.3440000000e-05 2.1532329539e-04 
2.3989600000e-01 -1.7590000000e-05 2.1209829784e-04 
2.4361500000e-01 -1.3050000000e-04 2.0944374084e-04 
2.4733500000e-01 -1.5833000000e-04 2.0845643094e-04 
2.5105400000e-01 7.1200000000e-06 2.0779732603e-04 
2.5477300000e-01 4.7000000000e-07 2.0544252775e-04 
2.5849300000e-01 4.8170000000e-05 2.0438301145e-04 
2.6221200000e-01 -2.0445000000e-04 1.9963289175e-04 
2.6593100000e-01 -3.4690000000e-05 2.0022510033e-04 
2.6965100000e-01 -2.8960000000e-05 1.9851386060e-04 
2.7337000000e-01 -4.4080000000e-05 1.9576362021e-04 
2.7708900000e-01 1.2680000000e-05 1.9412713071e-04 
2.8080900000e-01 -6.6300000000e-06 1.9254536746e-04 
2.8452800000e-01 8.2260000000e-05 1.9200094580e-04 
2.8824700000e-01 -4.1430000000e-05 1.8990319583e-04 
2.9196600000e-01 2.8170000000e-05 1.8954626765e-04 
2.9568600000e-01 1.1466000000e-04 1.8856233399e-04 
2.9940500000e-01 1.9823000000e-04 1.8821716272e-04 
3.0312400000e-01 1.1918000000e-04 1.8637315254e-04 
3.0684400000e-01 1.8778000000e-04 1.8538796158e-04 
3.1056300000e-01 9.0340000000e-05 1.8323099164e-04 
3.1428200000e-01 2.3990000000e-05 1.8244590784e-04 
3.1800200000e-01 9.6070000000e-05 1.8174787259e-04 
3.2172100000e-01 1.4764000000e-04 1.8122650740e-04 
3.2544000000e-01 2.6560000000e-05 1.7838331739e-04 
3.2916000000e-01 1.9168000000e-04 1.7882618214e-04 
3.3287900000e-01 1.4042000000e-04 1.7758494146e-04 
3.3659800000e-01 -5.6190000000e-05 1.7451811895e-04 
3.4031800000e-01 -1.5115000000e-04 1.7260399312e-04 
3.4403700000e-01 1.5078000000e-04 1.7445466025e-04 
3.4775600000e-01 1.7305000000e-04 1.7382375788e-04 
3.5147600000e-01 1.8612000000e-04 1.7247688541e-04 
3.5519500000e-01 2.8197000000e-04 1.7140448499e-04 
3.5891400000e-01 1.3844000000e-04 1.6921271170e-04 
3.6263400000e-01 3.1800000000e-06 1.6714634967e-04 
3.6635300000e-01 8.4380000000e-05 1.6689667474e-04 
3.7007200000e-01 -1.0163000000e-04 1.6611471013e-04 
3.7379100000e-01 1.4000000000e-07 1.6574995596e-04 
3.7751100000e-01 3.0618000000e-04 1.6701405337e-04 
3.8123000000e-01 3.4811000000e-04 1.6643755213e-04 
3.8494900000e-01 3.4268000000e-04 1.6578082903e-04 
3.8866900000e-01 1.7991000000e-04 1.6347402397e-04 
3.9238800000e-01 2.4152000000e-04 1.6348787007e-04 
3.9610700000e-01 1.7997000000e-04 1.6227661548e-04 
3.9982700000e-01 7.4000000000e-05 1.6025313439e-04 
4.0354600000e-01 2.6075000000e-04 1.6082928447e-04 
4.0726500000e-01 2.9655000000e-04 1.6026999610e-04 
4.1098500000e-01 1.4778000000e-04 1.5857412469e-04 
4.1470400000e-01 2.0287000000e-04 1.5822262544e-04 
4.1842300000e-01 3.3086000000e-04 1.5819792100e-04 
4.2214300000e-01 4.1256000000e-04 1.5834189182e-04 
4.2586200000e-01 3.1734000000e-04 1.5679219426e-04 
4.2958100000e-01 3.5938000000e-04 1.5614777249e-04 
4.3330100000e-01 2.1761000000e-04 1.5404419368e-04 
4.3702000000e-01 2.9380000000e-04 1.5400488101e-04 
4.4073900000e-01 3.2886000000e-04 1.5381767702e-04 
4.4445900000e-01 1.4280000000e-04 1.5207987940e-04 
4.4817800000e-01 8.3050000000e-05 1.5101256381e-04 
4.5189700000e-01 7.3960000000e-05 1.5040689204e-04 
4.5561700000e-01 1.6353000000e-04 1.4985271854e-04 
4.5933600000e-01 3.5266000000e-04 1.5045110498e-04 
4.6305500000e-01 3.5304000000e-04 1.5023005130e-04 
4.6677400000e-01 4.3095000000e-04 1.4985353446e-04 
4.7049400000e-01 3.8553000000e-04 1.4888195294e-04 
4.7421300000e-01 3.0624000000e-04 1.4762865390e-04 
4.7793200000e-01 4.3976000000e-04 1.4818409944e-04 
4.8165200000e-01 4.9277000000e-04 1.4779754778e-04 
4.8537100000e-01 6.1322000000e-04 1.4816388455e-04 
4.8909000000e-01 6.7105000000e-04 1.5014953155e-04 
4.9281000000e-01 7.0452000000e-04 1.4872085480e-04 
4.9652900000e-01 5.2441000000e-04 1.4723079846e-04 
5.0024800000e-01 3.5142000000e-04 1.4578367143e-04 
5.0396800000e-01 3.9269000000e-04 1.4494146298e-04 
5.0768700000e-01 5.6245000000e-04 1.4556410261e-04 
5.1140600000e-01 7.1726000000e-04 1.4562749356e-04 
5.1512600000e-01 6.6760000000e-04 1.4492037144e-04 
5.1884500000e-01 7.5116000000e-04 1.4507553694e-04 
5.2256400000e-01 6.7415000000e-04 1.4405725200e-04 
5.2628400000e-01 6.4422000000e-04 1.4270475454e-04 
5.3000300000e-01 6.3864000000e-04 1.4168912500e-04 
5.3372200000e-01 5.4533000000e-04 1.4020210893e-04 
5.3744100000e-01 5.9828000000e-04 1.4079392017e-04 
5.4116100000e-01 6.9633000000e-04 1.4116243922e-04 
5.4488000000e-01 6.7992000000e-04 1.4028402220e-04 
5.4859900000e-01 6.0381000000e-04 1.3954976748e-04 
5.5231900000e-01 7.1675000000e-04 1.4003690134e-04 
5.5603800000e-01 6.4464000000e-04 1.3886337313e-04 
5.5975700000e-01 6.3171000000e-04 1.3827848215e-04 
5.6347700000e-01 6.9025000000e-04 1.3791363747e-04 
5.6719600000e-01 5.8299000000e-04 1.3659037822e-04 
5.7091500000e-01 8.5767000000e-04 1.3786918015e-04 
5.7463500000e-01 8.9624000000e-04 1.3791485029e-04 
5.7835400000e-01 1.0820800000e-03 1.3819405136e-04 
5.8207300000e-01 8.8489000000e-04 1.3636217329e-04 
5.8579300000e-01 8.6320000000e-04 1.3624117061e-04 
5.8951200000e-01 7.9267000000e-04 1.3528347409e-04 
5.9323100000e-01 8.0284000000e-04 1.3467521148e-04 
5.9695100000e-01 1.1137600000e-03 1.3624249589e-04 
6.0067000000e-01 9.5460000000e-04 1.3506615015e-04 
6.0438900000e-01 8.3133000000e-04 1.3380585020e-04 
6.0810900000e-01 8.6847000000e-04 1.3360616469e-04 
6.1182800000e-01 1.0562700000e-03 1.3438989750e-04 
6.1554700000e-01 1.2524000000e-03 1.3507505301e-04 
6.1926700000e-01 1.3373300000e-03 1.3505144191e-04 
6.2298600000e-01 1.3570200000e-03 1.3484498735e-04 
6.2670500000e-01 1.2163600000e-03 1.3354080925e-04 
6.3042400000e-01 1.1802500000e-03 1.3296805194e-04 
6.3414400000e-01 1.2660200000e-03 1.3299610906e-04 
6.3786300000e-01 1.0713700000e-03 1.3153424638e-04 
6.4158200000e-01 1.2257300000e-03 1.3236094908e-04 
6.4530200000e-01 1.2674200000e-03 1.3197569048e-04 
6.4902100000e-01 1.2959600000e-03 1.3167481168e-04 
6.5274000000e-01 1.3066800000e-03 1.3158534714e-04 
6.5646000000e-01 1.2177900000e-03 1.3059694351e-04 
6.6017900000e-01 1.2558200000e-03 1.3037213369e-04 
6.6389800000e-01 1.2992300000e-03 1.3018796556e-04 
6.6761800000e-01 1.2689700000e-03 1.2940469367e-04 
6.7133700000e-01 1.2420300000e-03 1.2877901702e-04 
6.7505600000e-01 1.5442000000e-03 1.3046381787e-04 
6.7877600000e-01 1.4030400000e-03 1.2924428440e-04 
6.8249500000e-01 1.3159700000e-03 1.2832247769e-04 
6.8621400000e-01 1.3484700000e-03 1.2817862550e-04 
6.8993400000e-01 1.5786500000e-03 1.2951969369e-04 
6.9365300000e-01 1.5263500000e-03 1.2892311273e-04 
6.9737200000e-01 1.3086800000e-03 1.2714883301e-04 
7.0109200000e-01 1.4245400000e-03 1.2719274025e-04 
7.0481100000e-01 1.5616900000e-03 1.2755968196e-04 
7.0853000000e-01 1.4641100000e-03 1.2694027726e-04 
7.1224900000e-01 1.4814700000e-03 1.2642772567e-04 
7.1596900000e-01 1.5049600000e-03 1.2610166362e-04 
7.1968800000e-01 1.5317300000e-03 1.2590396515e-04 
7.2340700000e-01 1.4599200000e-03 1.2537116984e-04 
7.2712700000e-01 1.4371600000e-03 1.2504466011e-04 
7.3084600000e-01 1.6182500000e-03 1.2569602876e-04 
7.3456500000e-01 1.7080500000e-03 1.2586793211e-04 
7.3828500000e-01 1.5503400000e-03 1.2478089803e-04 
7.4200400000e-01 1.4415400000e-03 1.2494242194e-04 
7.4572300000e-01 1.7073300000e-03 1.2575119133e-04 
7.4944300000e-01 1.7585900000e-03 1.2556782585e-04 
7.5316200000e-01 1.7404700000e-03 1.2540168657e-04 
7.5688100000e-01 1.7958200000e-03 1.2539018768e-04 
7.6060100000e-01 1.7296800000e-03 1.2421766626e-04 
7.6432000000e-01 1.6160500000e-03 1.2353836989e-04 
7.6803900000e-01 1.6627200000e-03 1.2322015941e-04 
7.7175900000e-01 1.6892000000e-03 1.2309455640e-04 
7.7547800000e-01 1.7846300000e-03 1.2330420991e-04 
7.7919700000e-01 1.6628300000e-03 1.2282509351e-04 
7.8291600000e-01 1.5064000000e-03 1.2159809024e-04 
7.8663600000e-01 1.6617500000e-03 1.2196290555e-04 
7.9035500000e-01 1.7391800000e-03 1.2172052673e-04 
7.9407400000e-01 1.6816800000e-03 1.2116083399e-04 
7.9779400000e-01 1.8165500000e-03 1.2174777437e-04 
8.0151300000e-01 1.9453300000e-03 1.2215870659e-04 
8.0523200000e-01 1.7354500000e-03 1.2054716111e-04 
8.0895200000e-01 1.6975800000e-03 1.1995342240e-04 
8.1267100000e-01 1.8696200000e-03 1.2073982769e-04 
8.1639000000e-01 1.7964700000e-03 1.2025726847e-04 
8.2011000000e-01 1.9023000000e-03 1.2049508346e-04 
8.2382900000e-01 1.9456600000e-03 1.2044895852e-04 
8.2754800000e-01 1.9214400000e-03 1.1999929423e-04 
8.3126800000e-01 1.9228100000e-03 1.1984207287e-04 
8.3498700000e-01 2.0096000000e-03 1.1976978602e-04 
8.3870600000e-01 2.0512700000e-03 1.1960470141e-04 
8.4242600000e-01 1.8503900000e-03 1.1855506756e-04 
8.4614500000e-01 1.8730000000e-03 1.1828720128e-04 
8.4986400000e-01 1.9844800000e-03 1.1835300662e-04 
8.5358400000e-01 1.9422200000e-03 1.1822835565e-04 
8.5730300000e-01 1.7780600000e-03 1.1745270007e-04 
8.6102200000e-01 1.8213800000e-03 1.1731443093e-04 
8.6474200000e-01 1.9121600000e-03 1.1765775052e-04 
8.6846100000e-01 1.8448800000e-03 1.1685358575e-04 
8.7218000000e-01 1.7319000000e-03 1.1603626458e-04 
8.7589900000e-01 1.7204500000e-03 1.1560346957e-04 
8.7961900000e-01 1.9584000000e-03 1.1679470699e-04 
8.8333800000e-01 2.0381600000e-03 1.1711334762e-04 
8.8705700000e-01 2.0777000000e-03 1.1698401483e-04 
8.9077700000e-01 2.0624100000e-03 1.1659742584e-04 
8.9449600000e-01 1.9329700000e-03 1.1522331734e-04 
8.9821500000e-01 1.9351600000e-03 1.1567905224e-04 
9.0193500000e-01 1.9981400000e-03 1.1595667483e-04 
9.0565400000e-01 1.8896900000e-03 1.1439456422e-04 
9.0937300000e-01 1.8911200000e-03 1.1434338291e-04 
9.1309300000e-01 1.9463500000e-03 1.1443656497e-04 
9.1681200000e-01 1.9074400000e-03 1.1411950704e-04 
9.2053100000e-01 1.9300000000e-03 1.1402639547e-04 
9.2425100000e-01 1.9171200000e-03 1.1328243430e-04 
9.2797000000e-01 1.9692900000e-03 1.1351026996e-04 
9.3168900000e-01 1.9357500000e-03 1.1340317326e-04 
9.3540900000e-01 2.0349100000e-03 1.1418726418e-04 
9.3912800000e-01 2.0835100000e-03 1.1424643245e-04 
9.4284700000e-01 2.1366100000e-03 1.1327959959e-04 
9.4656700000e-01 2.1880700000e-03 1.1323244981e-04 
9.5028600000e-01 2.2424200000e-03 1.1325474994e-04 
9.5400500000e-01 2.1836600000e-03 1.1269636438e-04 
9.5772400000e-01 2.0327600000e-03 1.1182311930e-04 
9.6144400000e-01 2.0147500000e-03 1.1158099553e-04 
9.6516300000e-01 2.0524800000e-03 1.1149215984e-04 
9.6888200000e-01 1.9935200000e-03 1.1093369477e-04 
9.7260200000e-01 2.0158300000e-03 1.1083320507e-04 
9.7632100000e-01 2.1807000000e-03 1.1141782275e-04 
9.8004000000e-01 2.2240900000e-03 1.1129295971e-04 
9.8376000000e-01 2.1755500000e-03 1.1095858498e-04 
9.8747900000e-01 2.0612800000e-03 1.1020972783e-04 
9.9119800000e-01 2.1451800000e-03 1.1048261523e-04 
9.9491800000e-01 2.1899000000e-03 1.1006847709e-04 
9.9863700000e-01 2.1477700000e-03 1.0963546637e-04 
1.0023600000e+00 2.1241300000e-03 1.0935249104e-04 
1.0060800000e+00 2.1838100000e-03 1.0947034545e-04 
1.0097900000e+00 2.1257800000e-03 1.0906265006e-04 
1.0135100000e+00 2.0813300000e-03 1.0852041231e-04 
1.0172300000e+00 2.1662500000e-03 1.0874825346e-04 
1.0209500000e+00 2.2962000000e-03 1.0915309310e-04 
1.0246700000e+00 2.3683900000e-03 1.0930869834e-04 
1.0283900000e+00 2.1991500000e-03 1.0831686794e-04 
1.0321100000e+00 2.1753000000e-03 1.0804420801e-04 
1.0358300000e+00 2.2263700000e-03 1.0799543800e-04 
1.0395500000e+00 2.1939400000e-03 1.0787851814e-04 
1.0432700000e+00 2.2612000000e-03 1.0843841629e-04 
1.0469900000e+00 2.3914700000e-03 1.0891154960e-04 
1.0507100000e+00 2.3049300000e-03 1.0812346222e-04 
1.0544300000e+00 2.2703200000e-03 1.0754542603e-04 
1.0581500000e+00 2.3490100000e-03 1.0746497028e-04 
1.0618700000e+00 2.3286300000e-03 1.0716229654e-04 
1.0655800000e+00 2.3561700000e-03 1.0713476758e-04 
1.0693000000e+00 2.2985600000e-03 1.0658765900e-04 
1.0730200000e+00 2.3838400000e-03 1.0686681443e-04 
1.0767400000e+00 2.3157800000e-03 1.0647331078e-04 
1.0804600000e+00 2.2450500000e-03 1.0605343623e-04 
1.0841800000e+00 2.3640800000e-03 1.0627381427e-04 
1.0879000000e+00 2.2449400000e-03 1.0537300070e-04 
1.0916200000e+00 2.2615900000e-03 1.0514094221e-04 
1.0953400000e+00 2.2966700000e-03 1.0536569432e-04 
1.0990600000e+00 2.2486700000e-03 1.0500140040e-04 
1.1027800000e+00 2.3268400000e-03 1.0503063072e-04 
1.1065000000e+00 2.4228200000e-03 1.0542848703e-04 
1.1102200000e+00 2.3862500000e-03 1.0503384268e-04 
1.1139400000e+00 2.3779200000e-03 1.0490220366e-04 
1.1176600000e+00 2.3407600000e-03 1.0459665083e-04 
1.1213700000e+00 2.4082600000e-03 1.0470582892e-04 
1.1250900000e+00 2.4842000000e-03 1.0464527288e-04 
1.1288100000e+00 2.4484700000e-03 1.0439582985e-04 
1.1325300000e+00 2.5527800000e-03 1.0477031534e-04 
1.1362500000e+00 2.5111400000e-03 1.0446002404e-04 
1.1399700000e+00 2.3022000000e-03 1.0320390497e-04 
1.1436900000e+00 2.3735000000e-03 1.0317690153e-04 
1.1474100000e+00 2.4377000000e-03 1.0324050626e-04 
1.1511300000e+00 2.3473600000e-03 1.0264833974e-04 
1.1548500000e+00 2.3031500000e-03 1.0237693836e-04 
1.1585700000e+00 2.5733100000e-03 1.0340240396e-04 
1.1622900000e+00 2.4823400000e-03 1.0284480146e-04 
1.1660100000e+00 2.4784000000e-03 1.0256431645e-04 
1.1697300000e+00 2.4410100000e-03 1.0231039874e-04 
1.1734400000e+00 2.5124600000e-03 1.0234951597e-04 
1.1771600000e+00 2.5429600000e-03 1.0248672275e-04 
1.1808800000e+00 2.4557400000e-03 1.0179199333e-04 
1.1846000000e+00 2.4603000000e-03 1.0163904692e-04 
1.1883200000e+00 2.6395800000e-03 1.0234997613e-04 
1.1920400000e+00 2.5624200000e-03 1.0180696402e-04 
1.1957600000e+00 2.4870800000e-03 1.0122638521e-04 
1.1994800000e+00 2.6851700000e-03 1.0171201260e-04 
1.2032000000e+00 2.6636100000e-03 1.0159377999e-04 
1.2069200000e+00 2.5840400000e-03 1.0117404688e-04 
1.2106400000e+00 2.5791500000e-03 1.0108316701e-04 
1.2143600000e+00 2.6400700000e-03 1.0119038090e-04 
1.2180800000e+00 2.6967900000e-03 1.0128055385e-04 
1.2218000000e+00 2.7881900000e-03 1.0141339561e-04 
1.2255200000e+00 2.6491900000e-03 1.0069153107e-04 
1.2292300000e+00 2.5222400000e-03 1.0004221120e-04 
1.2329500000e+00 2.6776900000e-03 1.0042204705e-04 
1.2366700000e+00 2.6395300000e-03 1.0004913722e-04 
1.2403900000e+00 2.6100600000e-03 9.9921783257e-05 
1.2441100000e+00 2.6435400000e-03 1.0000898865e-04 
1.2478300000e+00 2.6093300000e-03 9.9732543424e-05 
1.2515500000e+00 2.6171900000e-03 9.9368413018e-05 
1.2552700000e+00 2.5690700000e-03 9.9043110747e-05 
1.2589900000e+00 2.6493700000e-03 9.9178383433e-05 
1.2627100000e+00 2.7426300000e-03 9.9528708650e-05 
1.2664300000e+00 2.5526400000e-03 9.8620746361e-05 
1.2701500000e+00 2.5596600000e-03 9.8524452641e-05 
1.2738700000e+00 2.7129100000e-03 9.8939423850e-05 
1.2775900000e+00 2.7751900000e-03 9.9055227951e-05 
1.2813100000e+00 2.8056100000e-03 9.9093875803e-05 
1.2850200000e+00 2.6941100000e-03 9.8468738345e-05 
1.2887400000e+00 2.5979000000e-03 9.7827047414e-05 
1.2924600000e+00 2.7085200000e-03 9.8235491778e-05 
1.2961800000e+00 2.8608200000e-03 9.8691452592e-05 
1.2999000000e+00 2.7047200000e-03 9.7855862098e-05 
1.3036200000e+00 2.6383900000e-03 9.7647424669e-05 
1.3073400000e+00 2.5695100000e-03 9.7194363035e-05 
1.3110600000e+00 2.6856800000e-03 9.7368925780e-05 
1.3147800000e+00 2.7808900000e-03 9.7559879513e-05 
1.3185000000e+00 2.8423900000e-03 9.7645551608e-05 
1.3222200000e+00 2.8774200000e-03 9.7763268539e-05 
1.3259400000e+00 2.8698500000e-03 9.7563692607e-05 
1.3296600000e+00 2.7941200000e-03 9.7143318435e-05 
1.3333800000e+00 2.7449900000e-03 9.6793997947e-05 
1.3370900000e+00 2.8753500000e-03 9.6997452090e-05 
1.3408100000e+00 2.8270600000e-03 9.6666773249e-05 
1.3445300000e+00 2.8167500000e-03 9.6584129357e-05 
1.3482500000e+00 3.0214400000e-03 9.7257760325e-05 
1.3519700000e+00 2.9168700000e-03 9.6721577427e-05 
1.3556900000e+00 2.7975700000e-03 9.6153745658e-05 
1.3594100000e+00 2.8387400000e-03 9.6189444192e-05 
1.3631300000e+00 2.7429400000e-03 9.5595522893e-05 
1.3668500000e+00 2.8397900000e-03 9.5825420028e-05 
1.3705700000e+00 2.8518500000e-03 9.5746705217e-05 
1.3742900000e+00 2.9337100000e-03 9.6026469247e-05 
1.3780100000e+00 2.8106900000e-03 9.5518616613e-05 
1.3817300000e+00 2.8670900000e-03 9.5545557501e-05 
1.3854500000e+00 2.8842200000e-03 9.5449608293e-05 
1.3891700000e+00 2.8700800000e-03 9.5230400182e-05 
1.3928800000e+00 2.8558500000e-03 9.4924084949e-05 
1.3966000000e+00 2.8119300000e-03 9.4607310908e-05 
1.4003200000e+00 2.8720900000e-03 9.4783319926e-05 
1.4040400000e+00 2.8994800000e-03 9.4717332300e-05 
1.4077600000e+00 2.8798000000e-03 9.4506877833e-05 
1.4114800000e+00 2.8579000000e-03 9.4259770472e-05 
1.4152000000e+00 2.8553500000e-03 9.4133613025e-05 
1.4189200000e+00 2.8483100000e-03 9.4023713093e-05 
1.4226400000e+00 2.9284100000e-03 9.4188576281e-05 
1.4263600000e+00 2.9823100000e-03 9.4189820791e-05 
1.4300800000e+00 3.0003800000e-03 9.4281861306e-05 
1.4338000000e+00 2.9669200000e-03 9.4106220547e-05 
1.4375200000e+00 2.9138300000e-03 9.3693692091e-05 
1.4412400000e+00 2.8096200000e-03 9.3243225307e-05 
1.4449600000e+00 2.7291900000e-03 9.2712059348e-05 
1.4486700000e+00 2.8370900000e-03 9.2954714781e-05 
1.4523900000e+00 2.9461500000e-03 9.3318055054e-05 
1.4561100000e+00 2.9889800000e-03 9.3347019621e-05 
1.4598300000e+00 2.9493400000e-03 9.3021955427e-05 
1.4635500000e+00 2.8378600000e-03 9.2462597553e-05 
1.4672700000e+00 2.9075800000e-03 9.2567280340e-05 
1.4709900000e+00 2.8602400000e-03 9.2419443553e-05 
1.4747100000e+00 2.9606900000e-03 9.2749752980e-05 
1.4784300000e+00 2.9578500000e-03 9.2527121480e-05 
1.4821500000e+00 2.8839300000e-03 9.2045395683e-05 
1.4858700000e+00 2.8939500000e-03 9.1967727606e-05 
1.4895900000e+00 2.9998000000e-03 9.2356432148e-05 
1.4933100000e+00 3.1197500000e-03 9.2551631917e-05 
1.4970300000e+00 3.1481800000e-03 9.2421757013e-05 
1.5007400000e+00 3.0961500000e-03 9.2173892011e-05 
1.5044600000e+00 2.9279600000e-03 9.1454884746e-05 
1.5081800000e+00 2.8424500000e-03 9.1112224414e-05 
1.5119000000e+00 2.8561800000e-03 9.1035966010e-05 
1.5156200000e+00 2.8750300000e-03 9.1007707676e-05 
1.5193400000e+00 2.9189200000e-03 9.1099230435e-05 
1.5230600000e+00 2.9305100000e-03 9.0982194711e-05 
1.5267800000e+00 2.9013700000e-03 9.0631615481e-05 
1.5305000000e+00 2.8382300000e-03 9.0318318113e-05 
1.5342200000e+00 2.8978800000e-03 9.0480170591e-05 
1.5379400000e+00 3.0875300000e-03 9.1011432426e-05 
1.5416600000e+00 3.0091700000e-03 9.0626364975e-05 
1.5453800000e+00 2.9390700000e-03 9.0275762528e-05 
1.5491000000e+00 2.8062000000e-03 8.9662705643e-05 
1.5528200000e+00 2.6679800000e-03 8.9069194281e-05 
1.5565300000e+00 2.6368800000e-03 8.8857334655e-05 
1.5602500000e+00 2.7061100000e-03 8.9119518466e-05 
1.5639700000e+00 2.7529200000e-03 8.9158866605e-05 
1.5676900000e+00 2.8446900000e-03 8.9420676315e-05 
1.5714100000e+00 2.9098600000e-03 8.9568960194e-05 
1.5751300000e+00 2.8730600000e-03 8.9257930629e-05 
1.5788500000e+00 2.8166400000e-03 8.8866463001e-05 
1.5825700000e+00 2.9045200000e-03 8.9189157292e-05 
1.5862900000e+00 2.8875700000e-03 8.9107499779e-05 
1.5900100000e+00 2.7870000000e-03 8.8594455202e-05 
1.5937300000e+00 2.8001500000e-03 8.8393977771e-05 
1.5974500000e+00 2.8408800000e-03 8.8301750091e-05 
1.6011700000e+00 2.8308000000e-03 8.8147565415e-05 
1.6048900000e+00 2.9246300000e-03 8.8465359851e-05 
1.6086100000e+00 2.7863100000e-03 8.7888779506e-05 
1.6123200000e+00 2.7803600000e-03 8.7831807348e-05 
1.6160400000e+00 2.8423200000e-03 8.7950963295e-05 
1.6197600000e+00 2.8798900000e-03 8.7779065489e-05 
1.6234800000e+00 2.9415200000e-03 8.7838295660e-05 
1.6272000000e+00 2.9746900000e-03 8.7970065164e-05 
1.6309200000e+00 2.8764200000e-03 8.7558407099e-05 
1.6346400000e+00 2.8762200000e-03 8.7427004272e-05 
1.6383600000e+00 2.8045700000e-03 8.7206532179e-05 
1.6420800000e+00 2.7609500000e-03 8.8738072617e-05 
1.6458000000e+00 2.8532200000e-03 8.8109493872e-05 
1.6495200000e+00 2.8360900000e-03 8.8869333489e-05 
1.6532400000e+00 2.7480000000e-03 8.8311038106e-05 
1.6569600000e+00 2.7148800000e-03 8.8620803514e-05 
1.6606800000e+00 2.7472800000e-03 8.8432992871e-05 
1.6643900000e+00 2.8650400000e-03 8.8830027037e-05 
1.6681100000e+00 2.9298300000e-03 9.0563870775e-05 
1.6718300000e+00 2.7646200000e-03 9.0179736531e-05 
1.6755500000e+00 2.8825600000e-03 9.0837833694e-05 
1.6792700000e+00 2.7598200000e-03 9.1623207994e-05 
1.6829900000e+00 2.8148000000e-03 9.2215719068e-05 
1.6867100000e+00 2.9603200000e-03 9.3440720194e-05 
1.6904300000e+00 2.8066300000e-03 9.2457899816e-05 
1.6941500000e+00 2.7169600000e-03 9.2012808326e-05 
1.6978700000e+00 2.7310500000e-03 9.3586975864e-05 
1.7015900000e+00 2.6856300000e-03 9.3589772945e-05 
1.7053100000e+00 2.5921100000e-03 9.1846381299e-05 
1.7090300000e+00 2.5962100000e-03 9.2301266999e-05 
1.7127500000e+00 2.5987000000e-03 9.5037682372e-05 
1.7164700000e+00 2.7875800000e-03 9.5426439901e-05 
1.7201800000e+00 2.8654900000e-03 9.4079354281e-05 
1.7239000000e+00 2.8550700000e-03 9.4122262758e-05 
1.7276200000e+00 2.8164500000e-03 9.3766985365e-05 
1.7313400000e+00 2.7440500000e-03 9.4385688201e-05 
1.7350600000e+00 2.7564300000e-03 9.4396084788e-05 
1.7387800000e+00 2.7595200000e-03 9.4122774253e-05 
1.7425000000e+00 2.6584200000e-03 9.7742601713e-05 
1.7462200000e+00 2.7222600000e-03 9.7694493114e-05 
1.7499400000e+00 2.8712800000e-03 9.5221995609e-05 
1.7536600000e+00 2.9475800000e-03 9.7288058334e-05 
1.7573800000e+00 2.9010200000e-03 9.8047225647e-05 
1.7611000000e+00 2.7385200000e-03 9.5507160741e-05 
1.7648200000e+00 2.5816500000e-03 9.5256513442e-05 
1.7685400000e+00 2.5561700000e-03 9.4621834244e-05 
1.7722600000e+00 2.6732400000e-03 9.5625000616e-05 
1.7759700000e+00 2.5335500000e-03 9.5089873676e-05 
1.7796900000e+00 2.5174400000e-03 9.4638409708e-05 
1.7834100000e+00 2.5780700000e-03 9.5393325391e-05 
1.7871300000e+00 2.6662600000e-03 9.5816852659e-05 
1.7908500000e+00 2.7033800000e-03 9.6279499332e-05 
1.7945700000e+00 2.5325500000e-03 9.5510583045e-05 
1.7982900000e+00 2.5923200000e-03 9.5416108736e-05 
1.8020100000e+00 2.5676700000e-03 9.4959193231e-05 
1.8057300000e+00 2.4759500000e-03 9.5376228007e-05 
1.8094500000e+00 2.6231300000e-03 9.7672528412e-05 
1.8131700000e+00 2.6361900000e-03 9.6119842055e-05 
1.8168900000e+00 2.4901900000e-03 9.5445037795e-05 
1.8206100000e+00 2.5357700000e-03 9.7666804332e-05 
1.8243300000e+00 2.6581400000e-03 1.0003722064e-04 
1.8280400000e+00 2.6455400000e-03 9.8447133945e-05 
1.8317600000e+00 2.4282900000e-03 9.5444338099e-05 
1.8354800000e+00 2.5818000000e-03 9.6819762585e-05 
1.8392000000e+00 2.5975900000e-03 9.7074429474e-05 
1.8429200000e+00 2.6005500000e-03 9.8236080989e-05 
1.8466400000e+00 2.6299600000e-03 9.6505797877e-05 
1.8503600000e+00 2.5854700000e-03 9.6991526796e-05 
1.8540800000e+00 2.6931800000e-03 1.0265188203e-04 
1.8578000000e+00 2.6521200000e-03 1.0636397706e-04 
1.8615200000e+00 2.5949500000e-03 9.9013845587e-05 
1.8652400000e+00 2.5401500000e-03 9.9774063769e-05 
1.8689600000e+00 2.6042500000e-03 1.0246671663e-04 
1.8726800000e+00 2.4953200000e-03 1.0109884681e-04 
1.8764000000e+00 2.4359000000e-03 1.0211901421e-04 
1.8801200000e+00 2.4855600000e-03 1.0182248342e-04 
1.8838300000e+00 2.3118400000e-03 1.0306440993e-04 
1.8875500000e+00 2.3505600000e-03 1.0779272844e-04 
1.8912700000e+00 2.4073200000e-03 1.0859149724e-04 
1.8949900000e+00 2.3247400000e-03 1.0552040746e-04 
1.8987100000e+00 2.3138200000e-03 1.0380838389e-04 
1.9024300000e+00 2.3970100000e-03 1.0615471782e-04 
1.9061500000e+00 2.4346300000e-03 1.0793140090e-04 
1.9098700000e+00 2.5752900000e-03 1.0985937359e-04 
1.9135900000e+00 2.4767800000e-03 1.1028638969e-04 
1.9173100000e+00 2.4090600000e-03 1.0971976153e-04 
1.9210300000e+00 2.3650500000e-03 1.1159275090e-04 
1.9247500000e+00 2.3725600000e-03 1.1097933143e-04 
1.9284700000e+00 2.2377200000e-03 1.2000211978e-04 
1.9321900000e+00 2.1758000000e-03 1.1687650178e-04 
1.9359100000e+00 2.2315700000e-03 1.1224048003e-04 
1.9396200000e+00 2.3355900000e-03 1.1398062268e-04 
1.9433400000e+00 2.3106300000e-03 1.1730986126e-04 
1.9470600000e+00 2.3299900000e-03 1.1827743230e-04 
1.9507800000e+00 2.4615300000e-03 1.2217220946e-04 
1.9545000000e+00 2.3582500000e-03 1.2004385119e-04 
1.9582200000e+00 2.3354600000e-03 1.1872684211e-04 
1.9619400000e+00 2.3373000000e-03 1.2020899453e-04 
1.9656600000e+00 2.2969200000e-03 1.1808581755e-04 
1.9693800000e+00 2.3202500000e-03 1.2286065527e-04 
1.9731000000e+00 2.2848200000e-03 1.2562332598e-04 
1.9768200000e+00 2.5005200000e-03 1.2229606003e-04 
1.9805400000e+00 2.3740100000e-03 1.2112431212e-04 
1.9842600000e+00 2.3374300000e-03 1.2812260122e-04 
1.9879800000e+00 2.3239000000e-03 1.2622408875e-04 
1.9916900000e+00 2.2386000000e-03 1.2226215757e-04 
1.9954100000e+00 2.1986300000e-03 1.2403087430e-04 
1.9991300000e+00 2.2286700000e-03 1.2478545588e-04 
2.0028500000e+00 2.1163000000e-03 1.2724736949e-04 
2.0065700000e+00 2.1088900000e-03 1.2421333592e-04 
2.0102900000e+00 2.1421900000e-03 1.2603907056e-04 
2.0140100000e+00 2.3988200000e-03 1.4094222394e-04 
2.0177300000e+00 2.3799800000e-03 1.3369070020e-04 
2.0214500000e+00 2.0879400000e-03 1.2992531926e-04 
2.0251700000e+00 2.0372900000e-03 1.2979293040e-04 
2.0288900000e+00 2.4820900000e-03 1.3324775850e-04 
2.0326100000e+00 2.4370500000e-03 1.3556349757e-04 
2.0363300000e+00 2.3579500000e-03 1.3310510462e-04 
2.0400500000e+00 2.2665500000e-03 1.3763284217e-04 
2.0437700000e+00 2.1500700000e-03 1.4211855214e-04 
2.0474800000e+00 1.9518400000e-03 1.4150696300e-04 
2.0512000000e+00 1.9197500000e-03 1.3094868167e-04 
2.0549200000e+00 2.0887000000e-03 1.3631920510e-04 
2.0586400000e+00 2.0840600000e-03 1.4306415261e-04 
2.0623600000e+00 1.8882600000e-03 1.3922135442e-04 
2.0660800000e+00 1.7870200000e-03 1.3247100154e-04 
2.0698000000e+00 1.8020500000e-03 1.3588979731e-04 
2.0735200000e+00 1.8315400000e-03 1.3790654505e-04 
2.0772400000e+00 1.9497200000e-03 1.4489088733e-04 
2.0809600000e+00 2.2692300000e-03 1.4863716547e-04 
2.0846800000e+00 2.2179400000e-03 1.4485644991e-04 
2.0884000000e+00 2.2416600000e-03 1.4434203391e-04 
2.0921200000e+00 2.0692400000e-03 1.5111649830e-04 
2.0958400000e+00 1.9751000000e-03 1.4171098823e-04 
2.0995600000e+00 1.9734400000e-03 1.4431491407e-04 
2.1032700000e+00 1.9278400000e-03 1.4860911408e-04 
2.1069900000e+00 1.7174600000e-03 1.4552862846e-04 
2.1107100000e+00 1.7331000000e-03 1.5320956671e-04 
2.1144300000e+00 1.8091900000e-03 1.5699031531e-04 
2.1181500000e+00 1.9591300000e-03 1.5288716956e-04 
2.1218700000e+00 1.9528700000e-03 1.5398877326e-04 
2.1255900000e+00 1.8105900000e-03 1.4781416710e-04 
2.1293100000e+00 1.7084400000e-03 1.4661733090e-04 
2.1330300000e+00 1.8589500000e-03 1.5234931568e-04 
2.1367500000e+00 1.8214600000e-03 1.6669798363e-04 
2.1404700000e+00 1.9319200000e-03 1.6822585678e-04 
2.1441900000e+00 1.9404500000e-03 1.5694551813e-04 
2.1479100000e+00 2.1960800000e-03 1.7628631481e-04 
2.1516300000e+00 1.9369300000e-03 1.5139536335e-04 
2.1553400000e+00 1.8541700000e-03 1.5557099781e-04 
2.1590600000e+00 1.8347600000e-03 1.6628268893e-04 
2.1627800000e+00 1.7483600000e-03 1.7458644163e-04 
2.1665000000e+00 1.8246800000e-03 1.7596564643e-04 
2.1702200000e+00 2.0039300000e-03 1.6582049428e-04 
2.1739400000e+00 1.7202800000e-03 1.8143846410e-04 
2.1776600000e+00 1.5270000000e-03 1.6342400073e-04 
2.1813800000e+00 1.7365800000e-03 1.7004294675e-04 
2.1851000000e+00 1.7252700000e-03 1.8592544691e-04 
2.1888200000e+00 1.6598500000e-03 1.6615102748e-04 
2.1925400000e+00 1.8827300000e-03 1.6422308874e-04 
2.1962600000e+00 2.0429400000e-03 1.7022427409e-04 
2.1999800000e+00 2.1357200000e-03 1.8132928548e-04 
2.2037000000e+00 2.1671000000e-03 1.8582841535e-04 
2.2074200000e+00 1.6504200000e-03 2.2158259041e-04 
2.2111300000e+00 1.5532500000e-03 2.0319440043e-04 
2.2148500000e+00 1.5906900000e-03 1.6752808965e-04 
2.2185700000e+00 1.8243400000e-03 1.7088088579e-04 
2.2222900000e+00 1.5450500000e-03 1.7218382390e-04 
2.2260100000e+00 1.6245000000e-03 1.7958876925e-04 
2.2297300000e+00 1.6548400000e-03 1.9272948239e-04 
2.2334500000e+00 1.8518700000e-03 2.0500534723e-04 
2.2371700000e+00 1.8342200000e-03 2.1844312384e-04 
2.2408900000e+00 1.6810600000e-03 2.0707672727e-04 
2.2446100000e+00 1.5682600000e-03 1.8556377180e-04 
2.2483300000e+00 1.5865300000e-03 1.8047498303e-04 
2.2520500000e+00 1.4694300000e-03 1.8729873169e-04 
2.2557700000e+00 1.6362300000e-03 2.1736834191e-04 
2.2594900000e+00 1.7655600000e-03 2.3785111787e-04 
2.2632100000e+00 1.5700000000e-03 2.0037830478e-04 
2.2669200000e+00 1.4773600000e-03 2.2354597692e-04 
2.2706400000e+00 1.4974500000e-03 1.9971257700e-04 
2.2743600000e+00 1.4605800000e-03 2.1365898814e-04 
2.2780800000e+00 1.2186800000e-03 2.1826574344e-04 
2.2818000000e+00 1.2840000000e-03 2.2189336989e-04 
2.2855200000e+00 1.7084300000e-03 2.2908887034e-04 
2.2892400000e+00 1.5972300000e-03 2.5168443850e-04 
2.2929600000e+00 1.5265800000e-03 2.4034616690e-04 
2.2966800000e+00 1.7021400000e-03 2.0778680116e-04 
2.3004000000e+00 1.7144400000e-03 2.1317050000e-04 
2.3041200000e+00 1.9068100000e-03 2.2516215460e-04 
2.3078400000e+00 1.9443500000e-03 2.4868745744e-04 
2.3115600000e+00 1.8488900000e-03 2.4612013804e-04 
2.3152800000e+00 1.7516600000e-03 2.7695483634e-04 
2.3189900000e+00 1.2210200000e-03 2.7023684136e-04 
2.3227100000e+00 1.3330900000e-03 2.5325024063e-04 
2.3264300000e+00 1.3309900000e-03 2.1968821034e-04 
2.3301500000e+00 1.5177600000e-03 2.2677204226e-04 
2.3338700000e+00 1.6663700000e-03 2.4061917866e-04 
2.3375900000e+00 1.7730100000e-03 2.7730058502e-04 
2.3413100000e+00 1.4794600000e-03 2.6343736614e-04 
2.3450300000e+00 1.5135900000e-03 2.5226682354e-04 
2.3487500000e+00 1.5621900000e-03 2.7605822453e-04 
2.3524700000e+00 1.6318600000e-03 2.9076525406e-04 
2.3561900000e+00 1.5290200000e-03 2.5818640588e-04 
2.3599100000e+00 1.6181700000e-03 2.8592872727e-04 
2.3636300000e+00 1.8057100000e-03 2.5791285673e-04 
2.3673500000e+00 1.3194800000e-03 2.7382601891e-04 
2.3710700000e+00 1.2671900000e-03 2.6447411816e-04 
2.3747800000e+00 1.0417900000e-03 2.5402192416e-04 
2.3785000000e+00 1.0710500000e-03 2.6883743410e-04 
2.3822200000e+00 1.2086000000e-03 3.1965447355e-04 
2.3859400000e+00 1.0291800000e-03 2.9853513945e-04 
2.3896600000e+00 8.7915000000e-04 2.8085535101e-04 
2.3933800000e+00 1.2500500000e-03 2.9491617244e-04 
2.3971000000e+00 1.5054800000e-03 3.6675296917e-04 
2.4008200000e+00 1.0930400000e-03 3.4442761665e-04 
2.4045400000e+00 9.9495000000e-04 3.6523626975e-04 
2.4082600000e+00 1.1373000000e-03 3.1745664420e-04 
2.4119800000e+00 9.8891000000e-04 3.5512473200e-04 
2.4157000000e+00 1.6603400000e-03 4.5658637240e-04 
2.4194200000e+00 1.8096700000e-03 4.3260837853e-04 
2.4231400000e+00 1.1043000000e-03 5.3491916653e-04 
2.4268600000e+00 8.2877000000e-04 3.7998752636e-04 
2.4305700000e+00 1.2480900000e-03 4.0366353274e-04 
2.4342900000e+00 7.3392000000e-04 3.9604104988e-04 
2.4380100000e+00 4.3239000000e-04 4.2521068307e-04 
2.4417300000e+00 1.2140800000e-03 3.9160875920e-04 
2.4454500000e+00 1.1414300000e-03 4.0307552757e-04 
2.4491700000e+00 7.9012000000e-04 4.1164656853e-04 
2.4528900000e+00 5.6710000000e-05 4.1563160055e-04 
2.4566100000e+00 5.6239000000e-04 5.1107062297e-04 
2.4603300000e+00 1.0544300000e-03 4.1633389862e-04 
2.4640500000e+00 1.5666100000e-03 4.4234453620e-04 
2.4677700000e+00 1.5246400000e-03 4.7824847176e-04 
2.4714900000e+00 1.4369900000e-03 5.4165581077e-04 
2.4752100000e+00 9.6987000000e-04 4.2558140959e-04 
2.4789300000e+00 1.1694700000e-03 4.4034694734e-04 
2.4826500000e+00 1.3681600000e-03 4.5776634796e-04 
2.4863600000e+00 1.6303500000e-03 4.8186973383e-04 
2.4900800000e+00 1.1642200000e-03 5.1932882625e-04 
2.4938000000e+00 4.7048000000e-04 5.7682604264e-04 
2.4975200000e+00 9.4852000000e-04 4.5992896488e-04 
2.5012400000e+00 1.0399700000e-03 4.9082764289e-04 
2.5049600000e+00 8.2882000000e-04 5.3087788185e-04 
2.5086800000e+00 1.3059800000e-03 6.7162626953e-04 
2.5124000000e+00 1.4678900000e-03 4.8759267755e-04 
2.5161200000e+00 1.0953400000e-03 4.9092119099e-04 
2.5198400000e+00 1.5925500000e-03 5.1885572973e-04 
2.5235600000e+00 1.7321100000e-03 5.6282833612e-04 
2.5272800000e+00 1.1107600000e-03 5.6366840769e-04 
2.5310000000e+00 9.3854000000e-04 6.8540148645e-04 
2.5347200000e+00 1.2741100000e-03 1.0255550975e-03 
2.5384300000e+00 3.8727000000e-04 9.8280873032e-04 
2.5421500000e+00 6.0994000000e-04 8.1660422215e-04 
2.5458700000e+00 2.7657000000e-04 9.9461155427e-04 
2.5495900000e+00 7.0089000000e-04 1.5620925370e-03 
2.5533100000e+00 1.6871000000e-03 2.7291294234e-03 
