q[nm-1] time=2017-08-25T18:23:53.458387+0200|I_title=NSH2_FT|||elev=4.14414e-06sah=-85sav=-1.49997|sav=-1.49997|dis=2.99977|T1=3276.7-time=2017-08-25T16:04:56.211499+0200|I_title=wat_FT_3|||elev=4.14414e-06sah=-85sav=-1.49997|sav=-1.49997|dis=2.99977|T1=3276.7 
2.7894900000e-02 -1.4430000000e-02 1.3365125005e-02 
3.1614200000e-02 -1.3112000000e-02 8.1586383498e-03 
3.5333500000e-02 -9.3270000000e-03 5.8329638384e-03 
3.9052800000e-02 -2.5830000000e-03 4.4467068482e-03 
4.2772200000e-02 -4.9560000000e-03 3.4690233831e-03 
4.6491500000e-02 -1.8300000000e-03 2.8189716882e-03 
5.0210800000e-02 -9.7100000000e-04 2.3416462396e-03 
5.3930100000e-02 -3.2300000000e-04 1.9777738374e-03 
5.7649400000e-02 4.9100000000e-04 1.6993105573e-03 
6.1368800000e-02 2.3550000000e-04 1.4715641111e-03 
6.5088100000e-02 2.0419000000e-03 1.3041770450e-03 
6.8807400000e-02 3.3581000000e-03 1.1642219691e-03 
7.2526700000e-02 3.9769000000e-03 1.0449362060e-03 
7.6246000000e-02 3.2624000000e-03 9.2731285413e-04 
7.9965300000e-02 3.4129000000e-03 8.1305631277e-04 
8.3684700000e-02 3.3302000000e-03 7.4430567265e-04 
8.7404000000e-02 2.8468000000e-03 6.8527551644e-04 
9.1123300000e-02 1.8742000000e-03 6.3094287525e-04 
9.4842600000e-02 2.0159000000e-03 5.9122245802e-04 
9.8561900000e-02 2.9080000000e-03 5.5991746425e-04 
1.0228100000e-01 3.0368000000e-03 5.3083508039e-04 
1.0600100000e-01 2.6112000000e-03 4.9962765149e-04 
1.0972000000e-01 2.6547000000e-03 4.7624781973e-04 
1.1343900000e-01 2.6129000000e-03 4.5606764920e-04 
1.1715900000e-01 2.2614000000e-03 4.3512739073e-04 
1.2087800000e-01 1.8928000000e-03 4.1426430926e-04 
1.2459700000e-01 1.9497000000e-03 4.0030131714e-04 
1.2831600000e-01 2.2818000000e-03 3.8922953420e-04 
1.3203600000e-01 2.7636000000e-03 3.8239379866e-04 
1.3575500000e-01 2.5861000000e-03 3.6901323480e-04 
1.3947400000e-01 2.1747000000e-03 3.5309901912e-04 
1.4319400000e-01 1.9092000000e-03 3.4035127617e-04 
1.4691300000e-01 2.1426600000e-03 3.3433992336e-04 
1.5063200000e-01 2.3748200000e-03 3.2876054354e-04 
1.5435200000e-01 2.4686200000e-03 3.2253191749e-04 
1.5807100000e-01 2.4589400000e-03 3.1541664626e-04 
1.6179000000e-01 2.3413300000e-03 3.0858935395e-04 
1.6551000000e-01 2.1057800000e-03 3.0101028551e-04 
1.6922900000e-01 2.0840700000e-03 2.9563114852e-04 
1.7294800000e-01 2.0763500000e-03 2.9033462448e-04 
1.7666800000e-01 2.3118400000e-03 2.8713282387e-04 
1.8038700000e-01 2.1015800000e-03 2.7955918583e-04 
1.8410600000e-01 2.4979200000e-03 2.7819013783e-04 
1.8782600000e-01 2.6445900000e-03 2.7552930698e-04 
1.9154500000e-01 2.5930200000e-03 2.7119754793e-04 
1.9526400000e-01 2.4241500000e-03 2.6545787897e-04 
1.9898400000e-01 2.0058700000e-03 2.5903248919e-04 
2.0270300000e-01 2.1379900000e-03 2.5678522509e-04 
2.0642200000e-01 2.1881500000e-03 2.5443076441e-04 
2.1014100000e-01 1.9112200000e-03 2.4908591067e-04 
2.1386100000e-01 1.5867300000e-03 2.4338521248e-04 
2.1758000000e-01 1.5379200000e-03 2.3956083983e-04 
2.2129900000e-01 1.6872900000e-03 2.3850260770e-04 
2.2501900000e-01 1.7127600000e-03 2.3665286216e-04 
2.2873800000e-01 1.7696500000e-03 2.3457248364e-04 
2.3245700000e-01 2.0781600000e-03 2.3449309110e-04 
2.3617700000e-01 2.2112200000e-03 2.3282779718e-04 
2.3989600000e-01 1.9345200000e-03 2.2787694422e-04 
2.4361500000e-01 1.8169300000e-03 2.2512663580e-04 
2.4733500000e-01 2.0101200000e-03 2.2633471181e-04 
2.5105400000e-01 1.9869100000e-03 2.2337460336e-04 
2.5477300000e-01 2.0657000000e-03 2.2175218007e-04 
2.5849300000e-01 1.9617300000e-03 2.1904470218e-04 
2.6221200000e-01 2.1319400000e-03 2.1879093601e-04 
2.6593100000e-01 2.2271500000e-03 2.1830145460e-04 
2.6965100000e-01 2.1743900000e-03 2.1604126786e-04 
2.7337000000e-01 2.0577400000e-03 2.1239359848e-04 
2.7708900000e-01 2.0190700000e-03 2.0964577816e-04 
2.8080900000e-01 2.0293300000e-03 2.0809220831e-04 
2.8452800000e-01 2.0384100000e-03 2.0682152010e-04 
2.8824700000e-01 2.2088000000e-03 2.0718547612e-04 
2.9196600000e-01 2.0338900000e-03 2.0450010099e-04 
2.9568600000e-01 2.0818700000e-03 2.0310501257e-04 
2.9940500000e-01 2.0286600000e-03 2.0140947289e-04 
3.0312400000e-01 1.9236200000e-03 1.9938437633e-04 
3.0684400000e-01 1.9792600000e-03 1.9810257132e-04 
3.1056300000e-01 2.0064200000e-03 1.9703608687e-04 
3.1428200000e-01 1.8627000000e-03 1.9575355657e-04 
3.1800200000e-01 1.8303400000e-03 1.9386351889e-04 
3.2172100000e-01 2.0892700000e-03 1.9473528274e-04 
3.2544000000e-01 1.8294900000e-03 1.9131621338e-04 
3.2916000000e-01 1.5837400000e-03 1.8815839301e-04 
3.3287900000e-01 1.4704800000e-03 1.8596467340e-04 
3.3659800000e-01 1.8223400000e-03 1.8742606931e-04 
3.4031800000e-01 1.7996200000e-03 1.8618547330e-04 
3.4403700000e-01 1.8192200000e-03 1.8550153025e-04 
3.4775600000e-01 1.7688600000e-03 1.8414662178e-04 
3.5147600000e-01 1.8054300000e-03 1.8318087546e-04 
3.5519500000e-01 1.8493800000e-03 1.8158871781e-04 
3.5891400000e-01 2.0558800000e-03 1.8223111825e-04 
3.6263400000e-01 1.8143200000e-03 1.7932057864e-04 
3.6635300000e-01 1.6936800000e-03 1.7732209109e-04 
3.7007200000e-01 1.9887500000e-03 1.7980187367e-04 
3.7379100000e-01 1.8251100000e-03 1.7762224348e-04 
3.7751100000e-01 1.6842100000e-03 1.7545994858e-04 
3.8123000000e-01 1.8945100000e-03 1.7596892568e-04 
3.8494900000e-01 1.8092500000e-03 1.7451823935e-04 
3.8866900000e-01 1.8752200000e-03 1.7409731790e-04 
3.9238800000e-01 1.8517100000e-03 1.7339633524e-04 
3.9610700000e-01 1.8624300000e-03 1.7272290235e-04 
3.9982700000e-01 2.0393500000e-03 1.7295588298e-04 
4.0354600000e-01 2.0543200000e-03 1.7188260084e-04 
4.0726500000e-01 1.9509100000e-03 1.7035131705e-04 
4.1098500000e-01 1.9071300000e-03 1.6948100860e-04 
4.1470400000e-01 2.0652800000e-03 1.6971490340e-04 
4.1842300000e-01 2.2021800000e-03 1.6972282016e-04 
4.2214300000e-01 2.1303300000e-03 1.6856024984e-04 
4.2586200000e-01 2.0624500000e-03 1.6752214518e-04 
4.2958100000e-01 2.0391400000e-03 1.6607992542e-04 
4.3330100000e-01 2.1370700000e-03 1.6589137090e-04 
4.3702000000e-01 2.1962700000e-03 1.6550783427e-04 
4.4073900000e-01 2.1133700000e-03 1.6441771279e-04 
4.4445900000e-01 1.9242100000e-03 1.6269500565e-04 
4.4817800000e-01 1.9937800000e-03 1.6257104528e-04 
4.5189700000e-01 2.0525200000e-03 1.6228089156e-04 
4.5561700000e-01 2.1522600000e-03 1.6176037978e-04 
4.5933600000e-01 2.0770200000e-03 1.6042630214e-04 
4.6305500000e-01 2.0894900000e-03 1.6012621248e-04 
4.6677400000e-01 2.0110300000e-03 1.5870402445e-04 
4.7049400000e-01 1.9714400000e-03 1.5779342710e-04 
4.7421300000e-01 1.9435900000e-03 1.5689437903e-04 
4.7793200000e-01 1.8978200000e-03 1.5610200070e-04 
4.8165200000e-01 1.9814400000e-03 1.5591142592e-04 
4.8537100000e-01 2.2428700000e-03 1.5710585694e-04 
4.8909000000e-01 2.1716600000e-03 1.5754104192e-04 
4.9281000000e-01 2.0437500000e-03 1.5612762066e-04 
4.9652900000e-01 1.8534100000e-03 1.5393237467e-04 
5.0024800000e-01 2.0511700000e-03 1.5409921863e-04 
5.0396800000e-01 2.1873100000e-03 1.5445869062e-04 
5.0768700000e-01 2.2077300000e-03 1.5377542911e-04 
5.1140600000e-01 2.1477000000e-03 1.5301076471e-04 
5.1512600000e-01 2.0307500000e-03 1.5173696442e-04 
5.1884500000e-01 2.0639000000e-03 1.5162861471e-04 
5.2256400000e-01 1.9861200000e-03 1.4997301927e-04 
5.2628400000e-01 2.1086500000e-03 1.5021474555e-04 
5.3000300000e-01 2.0958800000e-03 1.4908811080e-04 
5.3372200000e-01 2.0870000000e-03 1.4815385661e-04 
5.3744100000e-01 2.0506600000e-03 1.4817241633e-04 
5.4116100000e-01 2.0861000000e-03 1.4806322777e-04 
5.4488000000e-01 2.2640500000e-03 1.4816088408e-04 
5.4859900000e-01 2.2345300000e-03 1.4796257800e-04 
5.5231900000e-01 2.1001000000e-03 1.4684692190e-04 
5.5603800000e-01 1.9176800000e-03 1.4487739111e-04 
5.5975700000e-01 1.9516400000e-03 1.4453195864e-04 
5.6347700000e-01 2.1536200000e-03 1.4503574559e-04 
5.6719600000e-01 2.2194800000e-03 1.4485797452e-04 
5.7091500000e-01 2.2420000000e-03 1.4442771937e-04 
5.7463500000e-01 2.0543100000e-03 1.4297579206e-04 
5.7835400000e-01 2.1328600000e-03 1.4252886434e-04 
5.8207300000e-01 2.1361100000e-03 1.4203284730e-04 
5.8579300000e-01 2.1608200000e-03 1.4215143019e-04 
5.8951200000e-01 2.1419100000e-03 1.4151686628e-04 
5.9323100000e-01 2.3502400000e-03 1.4221059765e-04 
5.9695100000e-01 2.2406600000e-03 1.4109642067e-04 
6.0067000000e-01 2.1496300000e-03 1.4026834895e-04 
6.0438900000e-01 2.0211200000e-03 1.3906176487e-04 
6.0810900000e-01 2.0385100000e-03 1.3860881471e-04 
6.1182800000e-01 2.0944600000e-03 1.3848689060e-04 
6.1554700000e-01 2.1366600000e-03 1.3827747045e-04 
6.1926700000e-01 2.2723400000e-03 1.3859544830e-04 
6.2298600000e-01 2.3179900000e-03 1.3848658827e-04 
6.2670500000e-01 2.1997700000e-03 1.3735635152e-04 
6.3042400000e-01 2.1945200000e-03 1.3696330766e-04 
6.3414400000e-01 2.3247100000e-03 1.3727269535e-04 
6.3786300000e-01 2.3274100000e-03 1.3697493490e-04 
6.4158200000e-01 2.3295700000e-03 1.3673031162e-04 
6.4530200000e-01 2.2498700000e-03 1.3572727619e-04 
6.4902100000e-01 1.9895600000e-03 1.3373492602e-04 
6.5274000000e-01 1.9255000000e-03 1.3313268308e-04 
6.5646000000e-01 2.0584800000e-03 1.3348750469e-04 
6.6017900000e-01 2.0882800000e-03 1.3318812149e-04 
6.6389800000e-01 2.2412200000e-03 1.3359634296e-04 
6.6761800000e-01 2.3960100000e-03 1.3386871535e-04 
6.7133700000e-01 2.5602500000e-03 1.3433888322e-04 
6.7505600000e-01 2.3703600000e-03 1.3312037296e-04 
6.7877600000e-01 2.1400600000e-03 1.3145109534e-04 
6.8249500000e-01 2.3042500000e-03 1.3199016067e-04 
6.8621400000e-01 2.4352200000e-03 1.3237846117e-04 
6.8993400000e-01 2.2641300000e-03 1.3134173691e-04 
6.9365300000e-01 2.2320900000e-03 1.3086659052e-04 
6.9737200000e-01 2.1853700000e-03 1.3012694412e-04 
7.0109200000e-01 2.3177700000e-03 1.3026633677e-04 
7.0481100000e-01 2.4826100000e-03 1.3071047924e-04 
7.0853000000e-01 2.3769400000e-03 1.3007052748e-04 
7.1224900000e-01 2.5826700000e-03 1.3058529871e-04 
7.1596900000e-01 2.7807400000e-03 1.3115657188e-04 
7.1968800000e-01 2.5405000000e-03 1.2952426232e-04 
7.2340700000e-01 2.4451100000e-03 1.2882509118e-04 
7.2712700000e-01 2.4361400000e-03 1.2862875230e-04 
7.3084600000e-01 2.4231600000e-03 1.2817295889e-04 
7.3456500000e-01 2.5395200000e-03 1.2843117583e-04 
7.3828500000e-01 2.4743700000e-03 1.2784380120e-04 
7.4200400000e-01 2.3887000000e-03 1.2789708732e-04 
7.4572300000e-01 2.4355400000e-03 1.2804063698e-04 
7.4944300000e-01 2.4989900000e-03 1.2791789657e-04 
7.5316200000e-01 2.4246200000e-03 1.2673185596e-04 
7.5688100000e-01 2.5957500000e-03 1.2704237843e-04 
7.6060100000e-01 2.4994300000e-03 1.2624253559e-04 
7.6432000000e-01 2.4112400000e-03 1.2568300797e-04 
7.6803900000e-01 2.5083500000e-03 1.2580989629e-04 
7.7175900000e-01 2.5972300000e-03 1.2635320998e-04 
7.7547800000e-01 2.6569500000e-03 1.2605412866e-04 
7.7919700000e-01 2.6552200000e-03 1.2617659101e-04 
7.8291600000e-01 2.6333900000e-03 1.2571595835e-04 
7.8663600000e-01 2.5808800000e-03 1.2484834938e-04 
7.9035500000e-01 2.6844200000e-03 1.2512412589e-04 
7.9407400000e-01 2.6918700000e-03 1.2498906902e-04 
7.9779400000e-01 2.7352300000e-03 1.2464164771e-04 
8.0151300000e-01 2.5814100000e-03 1.2351010516e-04 
8.0523200000e-01 2.4708500000e-03 1.2269836258e-04 
8.0895200000e-01 2.5405700000e-03 1.2259167648e-04 
8.1267100000e-01 2.6718200000e-03 1.2287541830e-04 
8.1639000000e-01 2.7238000000e-03 1.2291003094e-04 
8.2011000000e-01 2.4926600000e-03 1.2148384248e-04 
8.2382900000e-01 2.2544500000e-03 1.1990747736e-04 
8.2754800000e-01 2.3930500000e-03 1.2022622783e-04 
8.3126800000e-01 2.7037800000e-03 1.2171275376e-04 
8.3498700000e-01 2.6574100000e-03 1.2124892126e-04 
8.3870600000e-01 2.5691900000e-03 1.2048746327e-04 
8.4242600000e-01 2.6185000000e-03 1.2070977782e-04 
8.4614500000e-01 2.6591200000e-03 1.2064091128e-04 
8.4986400000e-01 2.7794400000e-03 1.2086933644e-04 
8.5358400000e-01 2.7449400000e-03 1.2104542612e-04 
8.5730300000e-01 2.7622500000e-03 1.2165940450e-04 
8.6102200000e-01 2.8037400000e-03 1.2083355943e-04 
8.6474200000e-01 2.8122900000e-03 1.2032440092e-04 
8.6846100000e-01 2.8607100000e-03 1.1994852192e-04 
8.7218000000e-01 2.6000600000e-03 1.1833194600e-04 
8.7589900000e-01 2.5665500000e-03 1.1802477072e-04 
8.7961900000e-01 2.6707300000e-03 1.1844043897e-04 
8.8333800000e-01 2.7137300000e-03 1.1840271559e-04 
8.8705700000e-01 2.6591000000e-03 1.1799553887e-04 
8.9077700000e-01 2.6793800000e-03 1.1782237718e-04 
8.9449600000e-01 2.8046900000e-03 1.1809254429e-04 
8.9821500000e-01 2.9735600000e-03 1.1853443766e-04 
9.0193500000e-01 2.8735300000e-03 1.1816572153e-04 
9.0565400000e-01 2.9520800000e-03 1.1833858391e-04 
9.0937300000e-01 3.0055400000e-03 1.1820260613e-04 
9.1309300000e-01 2.9310000000e-03 1.1738939928e-04 
9.1681200000e-01 2.8158400000e-03 1.1640937413e-04 
9.2053100000e-01 2.8053900000e-03 1.1636913061e-04 
9.2425100000e-01 2.8391800000e-03 1.1599281320e-04 
9.2797000000e-01 2.8778500000e-03 1.1604168699e-04 
9.3168900000e-01 2.8753600000e-03 1.1595778057e-04 
9.3540900000e-01 3.0144300000e-03 1.1673571154e-04 
9.3912800000e-01 2.9013300000e-03 1.1608215006e-04 
9.4284700000e-01 2.9587000000e-03 1.1546055091e-04 
9.4656700000e-01 2.9778800000e-03 1.1525744619e-04 
9.5028600000e-01 2.8401000000e-03 1.1433895063e-04 
9.5400500000e-01 2.8747000000e-03 1.1426027341e-04 
9.5772400000e-01 2.9476800000e-03 1.1438877712e-04 
9.6144400000e-01 2.9402400000e-03 1.1415329647e-04 
9.6516300000e-01 2.9333300000e-03 1.1379273275e-04 
9.6888200000e-01 2.8740300000e-03 1.1336659612e-04 
9.7260200000e-01 2.9831400000e-03 1.1360642548e-04 
9.7632100000e-01 3.2256700000e-03 1.1447323585e-04 
9.8004000000e-01 3.1899300000e-03 1.1410082846e-04 
9.8376000000e-01 3.1062300000e-03 1.1344311595e-04 
9.8747900000e-01 2.9924900000e-03 1.1259134530e-04 
9.9119800000e-01 2.8386900000e-03 1.1186781752e-04 
9.9491800000e-01 2.7806700000e-03 1.1118660146e-04 
9.9863700000e-01 2.8324800000e-03 1.1126344093e-04 
1.0023600000e+00 2.9276500000e-03 1.1164648502e-04 
1.0060800000e+00 3.0122300000e-03 1.1177051083e-04 
1.0097900000e+00 3.0296400000e-03 1.1176818628e-04 
1.0135100000e+00 3.0706400000e-03 1.1161204872e-04 
1.0172300000e+00 2.9991700000e-03 1.1091275865e-04 
1.0209500000e+00 3.0911100000e-03 1.1110947132e-04 
1.0246700000e+00 3.3302600000e-03 1.1206378011e-04 
1.0283900000e+00 3.2815400000e-03 1.1155020818e-04 
1.0321100000e+00 3.3716800000e-03 1.1169807980e-04 
1.0358300000e+00 3.3391500000e-03 1.1128272170e-04 
1.0395500000e+00 3.2706100000e-03 1.1097114979e-04 
1.0432700000e+00 3.1979200000e-03 1.1074690341e-04 
1.0469900000e+00 3.2579700000e-03 1.1099924629e-04 
1.0507100000e+00 3.2316400000e-03 1.1067422567e-04 
1.0544300000e+00 3.0807600000e-03 1.0941975648e-04 
1.0581500000e+00 3.1675000000e-03 1.0945009732e-04 
1.0618700000e+00 3.1977600000e-03 1.0992690897e-04 
1.0655800000e+00 3.1962500000e-03 1.0927228972e-04 
1.0693000000e+00 3.2423200000e-03 1.0911604727e-04 
1.0730200000e+00 3.0716500000e-03 1.0817084506e-04 
1.0767400000e+00 3.0115600000e-03 1.0790489326e-04 
1.0804600000e+00 3.1138400000e-03 1.0819400936e-04 
1.0841800000e+00 3.1045900000e-03 1.0769306010e-04 
1.0879000000e+00 3.2607700000e-03 1.0819891026e-04 
1.0916200000e+00 3.2367300000e-03 1.0785859304e-04 
1.0953400000e+00 3.1809900000e-03 1.0754767775e-04 
1.0990600000e+00 3.3018600000e-03 1.0794033202e-04 
1.1027800000e+00 3.3738100000e-03 1.0791744306e-04 
1.1065000000e+00 3.3149500000e-03 1.0755353546e-04 
1.1102200000e+00 3.2368600000e-03 1.0703381105e-04 
1.1139400000e+00 3.2329400000e-03 1.0680665633e-04 
1.1176600000e+00 3.2197500000e-03 1.0656543333e-04 
1.1213700000e+00 3.2797400000e-03 1.0662301846e-04 
1.1250900000e+00 3.3279600000e-03 1.0668081149e-04 
1.1288100000e+00 3.3201000000e-03 1.0652489670e-04 
1.1325300000e+00 3.1241600000e-03 1.0550301358e-04 
1.1362500000e+00 3.2701600000e-03 1.0600561321e-04 
1.1399700000e+00 3.2882900000e-03 1.0584273601e-04 
1.1436900000e+00 3.3439700000e-03 1.0576751129e-04 
1.1474100000e+00 3.3281200000e-03 1.0539211658e-04 
1.1511300000e+00 3.3351800000e-03 1.0521243186e-04 
1.1548500000e+00 3.2572400000e-03 1.0481373146e-04 
1.1585700000e+00 3.2671000000e-03 1.0471587078e-04 
1.1622900000e+00 3.3706100000e-03 1.0503351374e-04 
1.1660100000e+00 3.4074200000e-03 1.0493657563e-04 
1.1697300000e+00 3.3978800000e-03 1.0472863954e-04 
1.1734400000e+00 3.3900100000e-03 1.0441740441e-04 
1.1771600000e+00 3.2716200000e-03 1.0393236154e-04 
1.1808800000e+00 3.4356300000e-03 1.0436722314e-04 
1.1846000000e+00 3.3940800000e-03 1.0400968388e-04 
1.1883200000e+00 3.4010200000e-03 1.0397611905e-04 
1.1920400000e+00 3.3880200000e-03 1.0366432807e-04 
1.1957600000e+00 3.2636100000e-03 1.0287677655e-04 
1.1994800000e+00 3.4453700000e-03 1.0327621066e-04 
1.2032000000e+00 3.3649200000e-03 1.0289003654e-04 
1.2069200000e+00 3.4412200000e-03 1.0312019981e-04 
1.2106400000e+00 3.3114100000e-03 1.0253648012e-04 
1.2143600000e+00 3.3652300000e-03 1.0260609834e-04 
1.2180800000e+00 3.4540700000e-03 1.0279460079e-04 
1.2218000000e+00 3.3816000000e-03 1.0221927581e-04 
1.2255200000e+00 3.4056700000e-03 1.0212395280e-04 
1.2292300000e+00 3.6960000000e-03 1.0324745382e-04 
1.2329500000e+00 3.7889500000e-03 1.0333170597e-04 
1.2366700000e+00 3.6930600000e-03 1.0282078769e-04 
1.2403900000e+00 3.6349700000e-03 1.0260195161e-04 
1.2441100000e+00 3.7289200000e-03 1.0284656038e-04 
1.2478300000e+00 3.5292400000e-03 1.0192417603e-04 
1.2515500000e+00 3.4845700000e-03 1.0140657980e-04 
1.2552700000e+00 3.5709100000e-03 1.0156405946e-04 
1.2589900000e+00 3.6958200000e-03 1.0184094524e-04 
1.2627100000e+00 3.6135900000e-03 1.0152877009e-04 
1.2664300000e+00 3.5912600000e-03 1.0129711574e-04 
1.2701500000e+00 3.4736500000e-03 1.0069821820e-04 
1.2738700000e+00 3.5268100000e-03 1.0072794260e-04 
1.2775900000e+00 3.5359100000e-03 1.0060526434e-04 
1.2813100000e+00 3.5481400000e-03 1.0049786998e-04 
1.2850200000e+00 3.6099400000e-03 1.0054671466e-04 
1.2887400000e+00 3.5764100000e-03 1.0019195008e-04 
1.2924600000e+00 3.6320200000e-03 1.0038510912e-04 
1.2961800000e+00 3.5329100000e-03 9.9863145228e-05 
1.2999000000e+00 3.5594400000e-03 9.9773718151e-05 
1.3036200000e+00 3.6664100000e-03 1.0019554405e-04 
1.3073400000e+00 3.5505300000e-03 9.9557842011e-05 
1.3110600000e+00 3.4554700000e-03 9.8919393835e-05 
1.3147800000e+00 3.4837400000e-03 9.8827751334e-05 
1.3185000000e+00 3.5705500000e-03 9.8998389015e-05 
1.3222200000e+00 3.5154000000e-03 9.8728567621e-05 
1.3259400000e+00 3.6744600000e-03 9.9158458388e-05 
1.3296600000e+00 3.6248100000e-03 9.8875934936e-05 
1.3333800000e+00 3.6688600000e-03 9.8936912343e-05 
1.3370900000e+00 3.7436100000e-03 9.8907387376e-05 
1.3408100000e+00 3.8305700000e-03 9.9062698866e-05 
1.3445300000e+00 3.7165600000e-03 9.8539531746e-05 
1.3482500000e+00 3.5865900000e-03 9.7915639011e-05 
1.3519700000e+00 3.5038400000e-03 9.7476776669e-05 
1.3556900000e+00 3.6045800000e-03 9.7780873932e-05 
1.3594100000e+00 3.7428400000e-03 9.8183563945e-05 
1.3631300000e+00 3.8363800000e-03 9.8329949751e-05 
1.3668500000e+00 3.8103500000e-03 9.8081196906e-05 
1.3705700000e+00 3.8550600000e-03 9.8109253054e-05 
1.3742900000e+00 3.6802900000e-03 9.7409868349e-05 
1.3780100000e+00 3.6522300000e-03 9.7277961617e-05 
1.3817300000e+00 3.7102700000e-03 9.7291389514e-05 
1.3854500000e+00 3.6909600000e-03 9.7017936042e-05 
1.3891700000e+00 3.6530900000e-03 9.6719500219e-05 
1.3928800000e+00 3.7841500000e-03 9.6986679788e-05 
1.3966000000e+00 3.5563000000e-03 9.5962297772e-05 
1.4003200000e+00 3.4939000000e-03 9.5667902173e-05 
1.4040400000e+00 3.6970800000e-03 9.6269117705e-05 
1.4077600000e+00 3.6701000000e-03 9.6032209803e-05 
1.4114800000e+00 3.5730200000e-03 9.5481158667e-05 
1.4152000000e+00 3.7457400000e-03 9.6016818447e-05 
1.4189200000e+00 3.7793600000e-03 9.6079610816e-05 
1.4226400000e+00 3.8211400000e-03 9.6073808121e-05 
1.4263600000e+00 3.8944800000e-03 9.6142656474e-05 
1.4300800000e+00 3.8282100000e-03 9.5953136704e-05 
1.4338000000e+00 3.7846800000e-03 9.5699926952e-05 
1.4375200000e+00 3.7221800000e-03 9.5255217683e-05 
1.4412400000e+00 3.6358100000e-03 9.4866785797e-05 
1.4449600000e+00 3.5700500000e-03 9.4404496953e-05 
1.4486700000e+00 3.6410900000e-03 9.4493299747e-05 
1.4523900000e+00 3.6783300000e-03 9.4601874333e-05 
1.4561100000e+00 3.6461500000e-03 9.4355126752e-05 
1.4598300000e+00 3.8269000000e-03 9.4807084787e-05 
1.4635500000e+00 3.8673100000e-03 9.4863112419e-05 
1.4672700000e+00 3.8697200000e-03 9.4699274125e-05 
1.4709900000e+00 3.8618100000e-03 9.4668138661e-05 
1.4747100000e+00 3.8702700000e-03 9.4629915284e-05 
1.4784300000e+00 3.8180600000e-03 9.4236204348e-05 
1.4821500000e+00 3.8964300000e-03 9.4349672452e-05 
1.4858700000e+00 3.9328400000e-03 9.4400873632e-05 
1.4895900000e+00 3.7288200000e-03 9.3632270901e-05 
1.4933100000e+00 3.8609300000e-03 9.3852568965e-05 
1.4970300000e+00 3.9567500000e-03 9.3938689883e-05 
1.5007400000e+00 3.8362900000e-03 9.3449384962e-05 
1.5044600000e+00 3.7388400000e-03 9.3008998377e-05 
1.5081800000e+00 3.6321700000e-03 9.2586973795e-05 
1.5119000000e+00 3.7547400000e-03 9.2896053507e-05 
1.5156200000e+00 3.8450100000e-03 9.3110155805e-05 
1.5193400000e+00 3.8466500000e-03 9.3035091613e-05 
1.5230600000e+00 3.8723300000e-03 9.2982857688e-05 
1.5267800000e+00 3.9002200000e-03 9.2855498425e-05 
1.5305000000e+00 3.9490800000e-03 9.2948634068e-05 
1.5342200000e+00 3.9239600000e-03 9.2794474369e-05 
1.5379400000e+00 3.9358500000e-03 9.2659049914e-05 
1.5416600000e+00 3.8072000000e-03 9.2092724149e-05 
1.5453800000e+00 3.7353800000e-03 9.1755565935e-05 
1.5491000000e+00 3.8291800000e-03 9.1985209189e-05 
1.5528200000e+00 3.8087200000e-03 9.1825302914e-05 
1.5565300000e+00 3.7548600000e-03 9.1529529782e-05 
1.5602500000e+00 3.6978200000e-03 9.1328752856e-05 
1.5639700000e+00 3.7270900000e-03 9.1288220769e-05 
1.5676900000e+00 3.7599600000e-03 9.1315954428e-05 
1.5714100000e+00 3.8050900000e-03 9.1406383173e-05 
1.5751300000e+00 3.8007800000e-03 9.1198695654e-05 
1.5788500000e+00 3.9518200000e-03 9.1513694031e-05 
1.5825700000e+00 3.9839100000e-03 9.1610873191e-05 
1.5862900000e+00 3.8511400000e-03 9.1143939293e-05 
1.5900100000e+00 3.6531400000e-03 9.0322235506e-05 
1.5937300000e+00 3.7736600000e-03 9.0500857308e-05 
1.5974500000e+00 3.9668800000e-03 9.0926145696e-05 
1.6011700000e+00 3.9761900000e-03 9.0833931944e-05 
1.6048900000e+00 3.8343700000e-03 9.0296138511e-05 
1.6086100000e+00 3.8070600000e-03 9.0141569396e-05 
1.6123200000e+00 3.8357000000e-03 9.0205981150e-05 
1.6160400000e+00 3.9424600000e-03 9.0468726296e-05 
1.6197600000e+00 3.9168600000e-03 9.0074842965e-05 
1.6234800000e+00 3.7616000000e-03 8.9362645193e-05 
1.6272000000e+00 3.8427000000e-03 8.9659119182e-05 
1.6309200000e+00 3.9451200000e-03 8.9962385380e-05 
1.6346400000e+00 3.9924800000e-03 9.0011288348e-05 
1.6383600000e+00 3.8832500000e-03 8.9662015286e-05 
1.6420800000e+00 3.8472300000e-03 9.1380609042e-05 
1.6458000000e+00 3.9576700000e-03 9.0692928052e-05 
1.6495200000e+00 4.0129900000e-03 9.1362849283e-05 
1.6532400000e+00 3.9804100000e-03 9.1544107374e-05 
1.6569600000e+00 3.9231800000e-03 9.1397152065e-05 
1.6606800000e+00 3.9533600000e-03 9.1377134117e-05 
1.6643900000e+00 3.9627000000e-03 9.1353698535e-05 
1.6681100000e+00 3.7692400000e-03 9.2166812960e-05 
1.6718300000e+00 3.6689800000e-03 9.2222019421e-05 
1.6755500000e+00 3.7163500000e-03 9.2467191472e-05 
1.6792700000e+00 3.7193800000e-03 9.3718918410e-05 
1.6829900000e+00 3.9490600000e-03 9.5531895342e-05 
1.6867100000e+00 3.9969400000e-03 9.5408312662e-05 
1.6904300000e+00 3.9637100000e-03 9.5220165885e-05 
1.6941500000e+00 3.8861000000e-03 9.4938011096e-05 
1.6978700000e+00 3.8537400000e-03 9.6737994211e-05 
1.7015900000e+00 3.9125400000e-03 9.6803678625e-05 
1.7053100000e+00 3.8401300000e-03 9.5380058664e-05 
1.7090300000e+00 3.7171200000e-03 9.5118252570e-05 
1.7127500000e+00 3.8422800000e-03 9.8820908956e-05 
1.7164700000e+00 3.8636900000e-03 9.8522506315e-05 
1.7201800000e+00 3.8088300000e-03 9.6263154572e-05 
1.7239000000e+00 3.6967000000e-03 9.5776460832e-05 
1.7276200000e+00 3.6880400000e-03 9.5742915960e-05 
1.7313400000e+00 3.7409600000e-03 9.6842933994e-05 
1.7350600000e+00 3.8504300000e-03 9.7469638998e-05 
1.7387800000e+00 3.9681100000e-03 9.7160512227e-05 
1.7425000000e+00 3.9420800000e-03 1.0108528010e-04 
1.7462200000e+00 3.8902600000e-03 1.0036601957e-04 
1.7499400000e+00 3.7979900000e-03 9.7154144909e-05 
1.7536600000e+00 3.8482400000e-03 9.9711192281e-05 
1.7573800000e+00 3.7457200000e-03 9.9065007061e-05 
1.7611000000e+00 3.6091700000e-03 9.7064147956e-05 
1.7648200000e+00 3.6315300000e-03 9.7958887751e-05 
1.7685400000e+00 3.8053200000e-03 9.8263995265e-05 
1.7722600000e+00 3.8423400000e-03 9.8682718256e-05 
1.7759700000e+00 3.8430300000e-03 9.8797197299e-05 
1.7796900000e+00 3.8514500000e-03 9.8309763300e-05 
1.7834100000e+00 3.8847300000e-03 9.8718725074e-05 
1.7871300000e+00 3.8910600000e-03 9.8907513102e-05 
1.7908500000e+00 3.8757000000e-03 9.9042307375e-05 
1.7945700000e+00 3.8263800000e-03 9.9350862218e-05 
1.7982900000e+00 3.9358300000e-03 9.9063896928e-05 
1.8020100000e+00 3.9087200000e-03 9.8842004297e-05 
1.8057300000e+00 3.7643200000e-03 1.0011560327e-04 
1.8094500000e+00 3.9019300000e-03 1.0118214637e-04 
1.8131700000e+00 3.8660900000e-03 9.9353275816e-05 
1.8168900000e+00 3.6849200000e-03 9.8580917822e-05 
1.8206100000e+00 3.6528700000e-03 1.0064774172e-04 
1.8243300000e+00 3.7644700000e-03 1.0221256470e-04 
1.8280400000e+00 3.7692700000e-03 1.0134756647e-04 
1.8317600000e+00 3.7931700000e-03 9.9423596527e-05 
1.8354800000e+00 3.9040600000e-03 1.0064449761e-04 
1.8392000000e+00 3.7456600000e-03 1.0002404388e-04 
1.8429200000e+00 3.4726200000e-03 1.0024144108e-04 
1.8466400000e+00 3.5570400000e-03 9.8654949996e-05 
1.8503600000e+00 3.6882100000e-03 9.9630098189e-05 
1.8540800000e+00 3.7344400000e-03 1.0539773980e-04 
1.8578000000e+00 3.6053700000e-03 1.1093320664e-04 
1.8615200000e+00 3.4194000000e-03 1.0074964031e-04 
1.8652400000e+00 3.5635000000e-03 1.0248599809e-04 
1.8689600000e+00 3.7612900000e-03 1.0594216972e-04 
1.8726800000e+00 3.8440000000e-03 1.0497164791e-04 
1.8764000000e+00 3.7524700000e-03 1.0726729683e-04 
1.8801200000e+00 3.6932200000e-03 1.0496284715e-04 
1.8838300000e+00 3.6913700000e-03 1.0872234753e-04 
1.8875500000e+00 3.8134000000e-03 1.1435039766e-04 
1.8912700000e+00 3.6760700000e-03 1.1346724590e-04 
1.8949900000e+00 3.4788900000e-03 1.0956443499e-04 
1.8987100000e+00 3.6104600000e-03 1.0803284238e-04 
1.9024300000e+00 3.6429000000e-03 1.0996907387e-04 
1.9061500000e+00 3.5626000000e-03 1.1074424047e-04 
1.9098700000e+00 3.7605800000e-03 1.1415956820e-04 
1.9135900000e+00 3.5893500000e-03 1.1363606741e-04 
1.9173100000e+00 3.4781600000e-03 1.1279760041e-04 
1.9210300000e+00 3.5733700000e-03 1.1617216462e-04 
1.9247500000e+00 3.5725000000e-03 1.1484704101e-04 
1.9284700000e+00 3.6252800000e-03 1.2444130726e-04 
1.9321900000e+00 3.6569800000e-03 1.2094591734e-04 
1.9359100000e+00 3.5359600000e-03 1.1668406297e-04 
1.9396200000e+00 3.4932300000e-03 1.1767929062e-04 
1.9433400000e+00 3.5426900000e-03 1.2037504986e-04 
1.9470600000e+00 3.4451000000e-03 1.2089417296e-04 
1.9507800000e+00 3.5302200000e-03 1.2586099353e-04 
1.9545000000e+00 3.4646800000e-03 1.2274024019e-04 
1.9582200000e+00 3.4677500000e-03 1.2234631340e-04 
1.9619400000e+00 3.5311900000e-03 1.2348747836e-04 
1.9656600000e+00 3.5377400000e-03 1.2216005895e-04 
1.9693800000e+00 3.5111800000e-03 1.2774677105e-04 
1.9731000000e+00 3.5032400000e-03 1.2989588929e-04 
1.9768200000e+00 3.6825300000e-03 1.2706110265e-04 
1.9805400000e+00 3.7102100000e-03 1.2666492301e-04 
1.9842600000e+00 3.4039900000e-03 1.3063842277e-04 
1.9879800000e+00 3.4176200000e-03 1.3147976596e-04 
1.9916900000e+00 3.6191800000e-03 1.2761757765e-04 
1.9954100000e+00 3.5582100000e-03 1.2898974703e-04 
1.9991300000e+00 3.4877900000e-03 1.2886127778e-04 
2.0028500000e+00 3.7022000000e-03 1.3411413976e-04 
2.0065700000e+00 3.6538400000e-03 1.3126041411e-04 
2.0102900000e+00 3.4862700000e-03 1.3242771203e-04 
2.0140100000e+00 3.4142800000e-03 1.3708345975e-04 
2.0177300000e+00 3.5278000000e-03 1.3710347080e-04 
2.0214500000e+00 3.5343100000e-03 1.3621847912e-04 
2.0251700000e+00 3.5404600000e-03 1.3817530978e-04 
2.0288900000e+00 3.3786300000e-03 1.3455414285e-04 
2.0326100000e+00 3.4124400000e-03 1.3762774699e-04 
2.0363300000e+00 3.4639800000e-03 1.3677329644e-04 
2.0400500000e+00 3.4559000000e-03 1.4107015773e-04 
2.0437700000e+00 3.3764500000e-03 1.4628505293e-04 
2.0474800000e+00 3.3961700000e-03 1.4436678194e-04 
2.0512000000e+00 3.2736200000e-03 1.3770356535e-04 
2.0549200000e+00 3.3716400000e-03 1.4312265528e-04 
2.0586400000e+00 3.3637000000e-03 1.5053861361e-04 
2.0623600000e+00 3.3091000000e-03 1.4449462283e-04 
2.0660800000e+00 3.3292500000e-03 1.3929441394e-04 
2.0698000000e+00 3.3761800000e-03 1.4327655944e-04 
2.0735200000e+00 3.4499300000e-03 1.4593678740e-04 
2.0772400000e+00 3.2567000000e-03 1.5422952340e-04 
2.0809600000e+00 3.2709300000e-03 1.5321346350e-04 
2.0846800000e+00 3.2091900000e-03 1.4965750754e-04 
2.0884000000e+00 3.2490600000e-03 1.4823983670e-04 
2.0921200000e+00 3.3378800000e-03 1.5303753587e-04 
2.0958400000e+00 3.2709300000e-03 1.4836484941e-04 
2.0995600000e+00 3.4229000000e-03 1.5161082608e-04 
2.1032700000e+00 3.4895800000e-03 1.5546395334e-04 
2.1069900000e+00 3.4688000000e-03 1.5519644240e-04 
2.1107100000e+00 3.5010700000e-03 1.6080022564e-04 
2.1144300000e+00 3.4489100000e-03 1.6215908427e-04 
2.1181500000e+00 3.3910300000e-03 1.5944277471e-04 
2.1218700000e+00 3.3311200000e-03 1.6739195654e-04 
2.1255900000e+00 3.2584300000e-03 1.5489911527e-04 
2.1293100000e+00 3.3048800000e-03 1.5474734947e-04 
2.1330300000e+00 3.2873200000e-03 1.5992427490e-04 
2.1367500000e+00 3.1229300000e-03 1.7690015707e-04 
2.1404700000e+00 3.4246600000e-03 1.7873357028e-04 
2.1441900000e+00 3.4655700000e-03 1.6283431707e-04 
2.1479100000e+00 3.5882900000e-03 1.7648099580e-04 
2.1516300000e+00 3.5240300000e-03 1.5969987512e-04 
2.1553400000e+00 3.4003100000e-03 1.6313352679e-04 
2.1590600000e+00 3.1402400000e-03 1.7279203525e-04 
2.1627800000e+00 3.1547000000e-03 1.8042974243e-04 
2.1665000000e+00 3.2559900000e-03 1.8251997195e-04 
2.1702200000e+00 3.0710400000e-03 1.7068884243e-04 
2.1739400000e+00 2.7776800000e-03 1.8835692246e-04 
2.1776600000e+00 3.0404300000e-03 1.7444910679e-04 
2.1813800000e+00 3.2830800000e-03 1.7464319081e-04 
2.1851000000e+00 3.4811800000e-03 1.8820425535e-04 
2.1888200000e+00 3.5187600000e-03 1.8969412245e-04 
2.1925400000e+00 3.1044800000e-03 1.7113596138e-04 
2.1962600000e+00 3.1840000000e-03 1.7657698238e-04 
2.1999800000e+00 3.1869200000e-03 1.8981834444e-04 
2.2037000000e+00 3.0575000000e-03 1.8638751902e-04 
2.2074200000e+00 3.0859000000e-03 2.2704542501e-04 
2.2111300000e+00 3.1921900000e-03 2.1029507920e-04 
2.2148500000e+00 3.2178600000e-03 1.7699645987e-04 
2.2185700000e+00 3.2149700000e-03 1.7851431953e-04 
2.2222900000e+00 3.1835600000e-03 1.8110199350e-04 
2.2260100000e+00 2.8377900000e-03 1.8404573756e-04 
2.2297300000e+00 2.6590800000e-03 2.0303478570e-04 
2.2334500000e+00 2.8632100000e-03 2.2624280402e-04 
2.2371700000e+00 2.8688000000e-03 2.2344720515e-04 
2.2408900000e+00 3.1085200000e-03 2.1809735656e-04 
2.2446100000e+00 3.0483600000e-03 2.0296996372e-04 
2.2483300000e+00 2.9946400000e-03 1.8968824424e-04 
2.2520500000e+00 2.9000800000e-03 1.9510184815e-04 
2.2557700000e+00 2.9316800000e-03 2.1631698167e-04 
2.2594900000e+00 3.2322100000e-03 2.5552358941e-04 
2.2632100000e+00 2.8995200000e-03 2.1767860801e-04 
2.2669200000e+00 2.5229600000e-03 2.3138624384e-04 
2.2706400000e+00 2.6277900000e-03 2.0736406648e-04 
2.2743600000e+00 2.7846100000e-03 2.2145078782e-04 
2.2780800000e+00 3.0474400000e-03 2.4031901881e-04 
2.2818000000e+00 3.0077200000e-03 2.3268129145e-04 
2.2855200000e+00 3.0096600000e-03 2.3927103921e-04 
2.2892400000e+00 3.0260100000e-03 2.7304767119e-04 
2.2929600000e+00 3.0325300000e-03 2.4301653530e-04 
2.2966800000e+00 2.8346100000e-03 2.1580186490e-04 
2.3004000000e+00 2.7320100000e-03 2.1980934796e-04 
2.3041200000e+00 2.8257500000e-03 2.2567421074e-04 
2.3078400000e+00 2.9637800000e-03 2.4939735581e-04 
2.3115600000e+00 3.1195900000e-03 2.5931284434e-04 
2.3152800000e+00 2.9558400000e-03 2.8004754927e-04 
2.3189900000e+00 2.5669000000e-03 2.8380995869e-04 
2.3227100000e+00 2.8602400000e-03 2.6029798821e-04 
2.3264300000e+00 2.7070300000e-03 2.2986838804e-04 
2.3301500000e+00 2.6279200000e-03 2.3345276305e-04 
2.3338700000e+00 2.4645000000e-03 2.4154371789e-04 
2.3375900000e+00 2.7584100000e-03 2.6644715756e-04 
2.3413100000e+00 2.9121900000e-03 2.7651521616e-04 
2.3450300000e+00 2.5619500000e-03 2.5351352315e-04 
2.3487500000e+00 2.6621700000e-03 2.9122584118e-04 
2.3524700000e+00 2.9663000000e-03 2.9330581573e-04 
2.3561900000e+00 3.2055100000e-03 2.6944681235e-04 
2.3599100000e+00 2.9563300000e-03 2.8363751389e-04 
2.3636300000e+00 2.8376500000e-03 2.6409516055e-04 
2.3673500000e+00 2.4586000000e-03 2.9484049827e-04 
2.3710700000e+00 2.2628500000e-03 2.7589214469e-04 
2.3747800000e+00 1.9849900000e-03 2.6244420478e-04 
2.3785000000e+00 2.2910000000e-03 2.8259274735e-04 
2.3822200000e+00 2.3397500000e-03 3.2150235094e-04 
2.3859400000e+00 2.5128300000e-03 3.0935133371e-04 
2.3896600000e+00 2.2835000000e-03 2.9251321673e-04 
2.3933800000e+00 2.3794400000e-03 3.0957654903e-04 
2.3971000000e+00 2.4276000000e-03 3.6827793910e-04 
2.4008200000e+00 2.5074200000e-03 3.9022848238e-04 
2.4045400000e+00 2.5458100000e-03 3.9774599691e-04 
2.4082600000e+00 2.8826400000e-03 3.3994087602e-04 
2.4119800000e+00 2.5134200000e-03 3.6935452243e-04 
2.4157000000e+00 3.1038300000e-03 4.8402591524e-04 
2.4194200000e+00 2.7399100000e-03 4.3789137000e-04 
2.4231400000e+00 2.2624100000e-03 5.7960928680e-04 
2.4268600000e+00 2.3348000000e-03 4.0584619807e-04 
2.4305700000e+00 2.7087200000e-03 4.2499781636e-04 
2.4342900000e+00 2.3073400000e-03 4.3824575256e-04 
2.4380100000e+00 3.0921200000e-03 6.2337961646e-04 
2.4417300000e+00 2.7193800000e-03 4.1606160639e-04 
2.4454500000e+00 2.6108500000e-03 4.2904740935e-04 
2.4491700000e+00 2.1184000000e-03 4.3566267436e-04 
2.4528900000e+00 1.9131000000e-03 4.7215800278e-04 
2.4566100000e+00 1.7700800000e-03 5.6100796490e-04 
2.4603300000e+00 2.2494300000e-03 4.4081823776e-04 
2.4640500000e+00 2.5730200000e-03 4.6167500651e-04 
2.4677700000e+00 2.0871300000e-03 4.6892030901e-04 
2.4714900000e+00 1.5405400000e-03 4.8410818223e-04 
2.4752100000e+00 2.1328100000e-03 4.4431738000e-04 
2.4789300000e+00 2.8257800000e-03 4.6719967180e-04 
2.4826500000e+00 3.1087700000e-03 4.8558540402e-04 
2.4863600000e+00 3.0619400000e-03 4.9681751117e-04 
2.4900800000e+00 2.2994600000e-03 5.0464776299e-04 
2.4938000000e+00 2.0319900000e-03 6.0367352761e-04 
2.4975200000e+00 2.2242200000e-03 4.8386627910e-04 
2.5012400000e+00 2.6160800000e-03 5.3141250344e-04 
2.5049600000e+00 2.4956600000e-03 5.6265305627e-04 
2.5086800000e+00 1.9881600000e-03 6.6156239721e-04 
2.5124000000e+00 1.5016900000e-03 4.7872630733e-04 
2.5161200000e+00 1.6490500000e-03 4.9133929493e-04 
2.5198400000e+00 2.0163400000e-03 5.0733139391e-04 
2.5235600000e+00 2.1421300000e-03 5.4026017061e-04 
2.5272800000e+00 2.7783500000e-03 6.0232826367e-04 
2.5310000000e+00 3.1906900000e-03 7.4049962141e-04 
2.5347200000e+00 4.2328300000e-03 1.1533545955e-03 
2.5384300000e+00 1.4527100000e-03 9.9455228592e-04 
2.5421500000e+00 2.7220900000e-03 8.8713001790e-04 
2.5458700000e+00 2.0790700000e-03 1.0778758613e-03 
2.5495900000e+00 -1.8822000000e-04 1.5518162777e-03 
2.5533100000e+00 -1.8006000000e-04 2.4394146314e-03 
