q[nm-1] (time=2017-08-25T18:36:42.335011+0200|I_title=NSH1_FT|||elev=4.14414e-06sah=-85sav=-1.49997|sav=-1.49997|dis=2.99977|T1=3276.7+time=2017-08-25T18:36:43.440293+0200|I_title=NSH1_FT|||elev=4.14414e-06sah=-85sav=-1.49997|sav=-1.49997|dis=2.99977|T1=3276.7+time=2017-08-25T18:36:44.542474+0200|I_title=NSH1_FT|||elev=4.14414e-06sah=-85sav=-1.49997|sav=-1.49997|dis=2.99977|T1=3276.7+time=2017-08-25T18:36:45.533121+0200|I_title=NSH1_FT|||elev=4.14414e-06sah=-85sav=-1.49997|sav=-1.49997|dis=2.99977|T1=3276.7+time=2017-08-25T18:36:46.753507+0200|I_title=NSH1_FT|||elev=4.14414e-06sah=-85sav=-1.49997|sav=-1.49997|dis=2.99977|T1=3276.7+time=2017-08-25T18:36:47.744863+0200|I_title=NSH1_FT|||elev=4.14414e-06sah=-85sav=-1.49997|sav=-1.49997|dis=2.99977|T1=3276.7+time=2017-08-25T18:36:49.057906+0200|I_title=NSH1_FT|||elev=4.14414e-06sah=-85sav=-1.49997|sav=-1.49997|dis=2.99977|T1=3276.7+time=2017-08-25T18:36:50.052011+0200|I_title=NSH1_FT|||elev=4.14414e-06sah=-85sav=-1.49997|sav=-1.49997|dis=2.99977|T1=3276.7+time=2017-08-25T18:36:50.932754+0200|I_title=NSH1_FT|||elev=4.14414e-06sah=-85sav=-1.49997|sav=-1.49997|dis=2.99977|T1=3276.7+time=2017-08-25T18:36:51.923383+0200|I_title=NSH1_FT|||elev=4.14414e-06sah=-85sav=-1.49997|sav=-1.49997|dis=2.99977|T1=3276.7)/10-time=2017-08-25T16:04:56.211499+0200|I_title=wat_FT_3|||elev=4.14414e-06sah=-85sav=-1.49997|sav=-1.49997|dis=2.99977|T1=3276.7 
2.7894900000e-02 -2.5958000000e-02 5.7042827700e-03 
3.1614200000e-02 -1.3180900000e-02 3.4936401307e-03 
3.5333500000e-02 -5.7185000000e-03 2.5014684591e-03 
3.9052800000e-02 1.4760000000e-04 1.9029585990e-03 
4.2772200000e-02 2.4222000000e-03 1.4948943967e-03 
4.6491500000e-02 5.4973000000e-03 1.2147859929e-03 
5.0210800000e-02 6.7443000000e-03 1.0107045922e-03 
5.3930100000e-02 8.3527000000e-03 8.5650193560e-04 
5.7649400000e-02 9.0958000000e-03 7.3701701649e-04 
6.1368800000e-02 8.7306800000e-03 6.4064008657e-04 
6.5088100000e-02 8.9803700000e-03 5.6392856376e-04 
6.8807400000e-02 9.1210800000e-03 5.0007624241e-04 
7.2526700000e-02 9.3363400000e-03 4.4752948614e-04 
7.6246000000e-02 9.4122200000e-03 4.0050114472e-04 
7.9965300000e-02 8.9888700000e-03 3.4981601681e-04 
8.3684700000e-02 8.6678300000e-03 3.2006409723e-04 
8.7404000000e-02 8.6261400000e-03 2.9668101964e-04 
9.1123300000e-02 8.4584500000e-03 2.7707775351e-04 
9.4842600000e-02 8.5880500000e-03 2.6002548912e-04 
9.8561900000e-02 8.7052100000e-03 2.4338625700e-04 
1.0228100000e-01 8.4874800000e-03 2.2993203897e-04 
1.0600100000e-01 8.4048400000e-03 2.1827798507e-04 
1.0972000000e-01 8.3570800000e-03 2.0803650110e-04 
1.1343900000e-01 7.9598400000e-03 1.9866073554e-04 
1.1715900000e-01 7.8536000000e-03 1.9105845849e-04 
1.2087800000e-01 7.7017800000e-03 1.8344329285e-04 
1.2459700000e-01 7.4941400000e-03 1.7658713472e-04 
1.2831600000e-01 7.4890000000e-03 1.7039615935e-04 
1.3203600000e-01 7.3152500000e-03 1.6495538289e-04 
1.3575500000e-01 7.3163400000e-03 1.6004100666e-04 
1.3947400000e-01 7.2801900000e-03 1.5500115235e-04 
1.4319400000e-01 7.1182400000e-03 1.5043527891e-04 
1.4691300000e-01 7.0708900000e-03 1.4664877739e-04 
1.5063200000e-01 6.9763400000e-03 1.4294469748e-04 
1.5435200000e-01 6.8044200000e-03 1.3941643297e-04 
1.5807100000e-01 6.7271900000e-03 1.3624735468e-04 
1.6179000000e-01 6.6742300000e-03 1.3367210458e-04 
1.6551000000e-01 6.7258500000e-03 1.3160140092e-04 
1.6922900000e-01 6.6298200000e-03 1.2916057758e-04 
1.7294800000e-01 6.6033900000e-03 1.2685562911e-04 
1.7666800000e-01 6.7080800000e-03 1.2469844001e-04 
1.8038700000e-01 6.7155000000e-03 1.2240627794e-04 
1.8410600000e-01 6.7876000000e-03 1.2028766235e-04 
1.8782600000e-01 6.7108700000e-03 1.1830895927e-04 
1.9154500000e-01 6.5428200000e-03 1.1623749496e-04 
1.9526400000e-01 6.5864500000e-03 1.1461512440e-04 
1.9898400000e-01 6.5239100000e-03 1.1350143413e-04 
2.0270300000e-01 6.4781500000e-03 1.1185064014e-04 
2.0642200000e-01 6.4345100000e-03 1.1050689226e-04 
2.1014100000e-01 6.1612300000e-03 1.0874519999e-04 
2.1386100000e-01 6.1721200000e-03 1.0771930128e-04 
2.1758000000e-01 6.1545900000e-03 1.0609940826e-04 
2.2129900000e-01 6.1762100000e-03 1.0504233931e-04 
2.2501900000e-01 6.1324400000e-03 1.0410208471e-04 
2.2873800000e-01 5.9851300000e-03 1.0262575420e-04 
2.3245700000e-01 5.9025200000e-03 1.0114211192e-04 
2.3617700000e-01 5.9829500000e-03 1.0007496715e-04 
2.3989600000e-01 6.0195800000e-03 9.9152383518e-05 
2.4361500000e-01 5.9317400000e-03 9.8239426822e-05 
2.4733500000e-01 5.9550300000e-03 9.7975300910e-05 
2.5105400000e-01 5.8372700000e-03 9.6689078440e-05 
2.5477300000e-01 5.7087900000e-03 9.5309955671e-05 
2.5849300000e-01 5.7073900000e-03 9.4535761601e-05 
2.6221200000e-01 5.8176200000e-03 9.3971404858e-05 
2.6593100000e-01 5.7129200000e-03 9.3177593127e-05 
2.6965100000e-01 5.6911300000e-03 9.2229190668e-05 
2.7337000000e-01 5.8139300000e-03 9.1460021244e-05 
2.7708900000e-01 5.8201100000e-03 9.0492332050e-05 
2.8080900000e-01 5.8231200000e-03 8.9836345583e-05 
2.8452800000e-01 5.8232300000e-03 8.9206907272e-05 
2.8824700000e-01 5.7195600000e-03 8.8529742833e-05 
2.9196600000e-01 5.6130800000e-03 8.7808476646e-05 
2.9568600000e-01 5.5657600000e-03 8.6923070594e-05 
2.9940500000e-01 5.4989400000e-03 8.6253747241e-05 
3.0312400000e-01 5.6116700000e-03 8.5978669847e-05 
3.0684400000e-01 5.6221700000e-03 8.5275113746e-05 
3.1056300000e-01 5.5262000000e-03 8.4529910899e-05 
3.1428200000e-01 5.4651300000e-03 8.4419424219e-05 
3.1800200000e-01 5.4618200000e-03 8.3752988220e-05 
3.2172100000e-01 5.5527100000e-03 8.3337058245e-05 
3.2544000000e-01 5.5766500000e-03 8.2710216711e-05 
3.2916000000e-01 5.5815600000e-03 8.2189292578e-05 
3.3287900000e-01 5.5219500000e-03 8.1686204748e-05 
3.3659800000e-01 5.5191700000e-03 8.1053608400e-05 
3.4031800000e-01 5.4475800000e-03 8.0464287376e-05 
3.4403700000e-01 5.4337300000e-03 8.0036454029e-05 
3.4775600000e-01 5.4628600000e-03 7.9733336254e-05 
3.5147600000e-01 5.5135400000e-03 7.9218486078e-05 
3.5519500000e-01 5.4661500000e-03 7.8344419399e-05 
3.5891400000e-01 5.5445300000e-03 7.8050281052e-05 
3.6263400000e-01 5.6634500000e-03 7.7834901376e-05 
3.6635300000e-01 5.6172700000e-03 7.7300756668e-05 
3.7007200000e-01 5.5165900000e-03 7.7262388538e-05 
3.7379100000e-01 5.4478000000e-03 7.6669403848e-05 
3.7751100000e-01 5.4210800000e-03 7.6157847514e-05 
3.8123000000e-01 5.4034200000e-03 7.5671827263e-05 
3.8494900000e-01 5.3886600000e-03 7.5251563276e-05 
3.8866900000e-01 5.3631600000e-03 7.4804774348e-05 
3.9238800000e-01 5.2983200000e-03 7.4466936846e-05 
3.9610700000e-01 5.1992800000e-03 7.3953568989e-05 
3.9982700000e-01 5.2567800000e-03 7.3579417902e-05 
4.0354600000e-01 5.3058200000e-03 7.3219677971e-05 
4.0726500000e-01 5.2711600000e-03 7.2797639643e-05 
4.1098500000e-01 5.1971900000e-03 7.2443627905e-05 
4.1470400000e-01 5.2257200000e-03 7.2106029250e-05 
4.1842300000e-01 5.2924300000e-03 7.1797611932e-05 
4.2214300000e-01 5.1728500000e-03 7.1336172023e-05 
4.2586200000e-01 5.1104800000e-03 7.0899890437e-05 
4.2958100000e-01 5.2759300000e-03 7.0666051622e-05 
4.3330100000e-01 5.3690500000e-03 7.0472764755e-05 
4.3702000000e-01 5.3916600000e-03 7.0186731712e-05 
4.4073900000e-01 5.3478000000e-03 6.9900497419e-05 
4.4445900000e-01 5.3282500000e-03 6.9698684439e-05 
4.4817800000e-01 5.3078400000e-03 6.9397933292e-05 
4.5189700000e-01 5.2744600000e-03 6.9046883460e-05 
4.5561700000e-01 5.2530900000e-03 6.8488671448e-05 
4.5933600000e-01 5.3039900000e-03 6.8229013557e-05 
4.6305500000e-01 5.2930800000e-03 6.8055884574e-05 
4.6677400000e-01 5.2978200000e-03 6.7682551131e-05 
4.7049400000e-01 5.2986800000e-03 6.7417285535e-05 
4.7421300000e-01 5.3189500000e-03 6.7148582609e-05 
4.7793200000e-01 5.2991500000e-03 6.6891244444e-05 
4.8165200000e-01 5.2465000000e-03 6.6481479357e-05 
4.8537100000e-01 5.2263500000e-03 6.6225590335e-05 
4.8909000000e-01 5.2586900000e-03 6.6891027601e-05 
4.9281000000e-01 5.3048800000e-03 6.6522978479e-05 
4.9652900000e-01 5.3387400000e-03 6.6215693646e-05 
5.0024800000e-01 5.3490200000e-03 6.5812563223e-05 
5.0396800000e-01 5.3516600000e-03 6.5450762235e-05 
5.0768700000e-01 5.3084800000e-03 6.5230699017e-05 
5.1140600000e-01 5.3858500000e-03 6.4926222369e-05 
5.1512600000e-01 5.3715600000e-03 6.4740614264e-05 
5.1884500000e-01 5.3317300000e-03 6.4489918542e-05 
5.2256400000e-01 5.3366700000e-03 6.4186763660e-05 
5.2628400000e-01 5.3661700000e-03 6.3921837755e-05 
5.3000300000e-01 5.3450700000e-03 6.3503998791e-05 
5.3372200000e-01 5.3981300000e-03 6.3263686602e-05 
5.3744100000e-01 5.3534300000e-03 6.3297582125e-05 
5.4116100000e-01 5.3561900000e-03 6.3124075841e-05 
5.4488000000e-01 5.3446700000e-03 6.2716067630e-05 
5.4859900000e-01 5.3098600000e-03 6.2509980083e-05 
5.5231900000e-01 5.3480100000e-03 6.2482754130e-05 
5.5603800000e-01 5.3511300000e-03 6.2134654341e-05 
5.5975700000e-01 5.3080400000e-03 6.1811210908e-05 
5.6347700000e-01 5.3931600000e-03 6.1616361977e-05 
5.6719600000e-01 5.4671300000e-03 6.1479275492e-05 
5.7091500000e-01 5.4820500000e-03 6.1280631319e-05 
5.7463500000e-01 5.4276700000e-03 6.1079054826e-05 
5.7835400000e-01 5.4228500000e-03 6.0675502718e-05 
5.8207300000e-01 5.4421400000e-03 6.0477807726e-05 
5.8579300000e-01 5.4613500000e-03 6.0489079471e-05 
5.8951200000e-01 5.3949400000e-03 6.0168388136e-05 
5.9323100000e-01 5.3998800000e-03 5.9921220667e-05 
5.9695100000e-01 5.4412400000e-03 5.9784682866e-05 
6.0067000000e-01 5.4468600000e-03 5.9689996452e-05 
6.0438900000e-01 5.3453600000e-03 5.9338543776e-05 
6.0810900000e-01 5.3910900000e-03 5.9196465792e-05 
6.1182800000e-01 5.4362600000e-03 5.9072719003e-05 
6.1554700000e-01 5.4411400000e-03 5.8868316258e-05 
6.1926700000e-01 5.4419300000e-03 5.8636672718e-05 
6.2298600000e-01 5.4521600000e-03 5.8492372483e-05 
6.2670500000e-01 5.4280200000e-03 5.8275646964e-05 
6.3042400000e-01 5.4765400000e-03 5.8193092602e-05 
6.3414400000e-01 5.4708600000e-03 5.7996570973e-05 
6.3786300000e-01 5.3915500000e-03 5.7765217979e-05 
6.4158200000e-01 5.3289500000e-03 5.7581357200e-05 
6.4530200000e-01 5.4497800000e-03 5.7509338007e-05 
6.4902100000e-01 5.5092800000e-03 5.7389772969e-05 
6.5274000000e-01 5.5441800000e-03 5.7341312496e-05 
6.5646000000e-01 5.5018200000e-03 5.7104866092e-05 
6.6017900000e-01 5.4529800000e-03 5.6835810384e-05 
6.6389800000e-01 5.4527100000e-03 5.6626298758e-05 
6.6761800000e-01 5.5371800000e-03 5.6488715445e-05 
6.7133700000e-01 5.5590300000e-03 5.6323878019e-05 
6.7505600000e-01 5.5761100000e-03 5.6294051917e-05 
6.7877600000e-01 5.5925500000e-03 5.6152083095e-05 
6.8249500000e-01 5.5240200000e-03 5.5883806086e-05 
6.8621400000e-01 5.5016300000e-03 5.5705915865e-05 
6.8993400000e-01 5.4363600000e-03 5.5606791522e-05 
6.9365300000e-01 5.4856600000e-03 5.5546064910e-05 
6.9737200000e-01 5.4899900000e-03 5.5338613963e-05 
7.0109200000e-01 5.4602600000e-03 5.5049831388e-05 
7.0481100000e-01 5.5678300000e-03 5.4997672308e-05 
7.0853000000e-01 5.6615200000e-03 5.5106859908e-05 
7.1224900000e-01 5.6389600000e-03 5.4812769676e-05 
7.1596900000e-01 5.5187000000e-03 5.4438456219e-05 
7.1968800000e-01 5.5669600000e-03 5.4371228582e-05 
7.2340700000e-01 5.6267300000e-03 5.4378796232e-05 
7.2712700000e-01 5.6085000000e-03 5.4276937514e-05 
7.3084600000e-01 5.6088100000e-03 5.4113847089e-05 
7.3456500000e-01 5.6028500000e-03 5.3956861533e-05 
7.3828500000e-01 5.5133600000e-03 5.3745936710e-05 
7.4200400000e-01 5.5979500000e-03 5.4053548056e-05 
7.4572300000e-01 5.6972800000e-03 5.4046906177e-05 
7.4944300000e-01 5.6739400000e-03 5.3836721477e-05 
7.5316200000e-01 5.6323900000e-03 5.3617775391e-05 
7.5688100000e-01 5.6926300000e-03 5.3511114655e-05 
7.6060100000e-01 5.7170400000e-03 5.3337313269e-05 
7.6432000000e-01 5.7029900000e-03 5.3319950489e-05 
7.6803900000e-01 5.6195400000e-03 5.3076537454e-05 
7.7175900000e-01 5.6024500000e-03 5.2866380863e-05 
7.7547800000e-01 5.6690500000e-03 5.2755186431e-05 
7.7919700000e-01 5.6889600000e-03 5.2757345379e-05 
7.8291600000e-01 5.6924700000e-03 5.2654628114e-05 
7.8663600000e-01 5.6468100000e-03 5.2447237943e-05 
7.9035500000e-01 5.7017600000e-03 5.2293949025e-05 
7.9407400000e-01 5.7834900000e-03 5.2246289461e-05 
7.9779400000e-01 5.8549900000e-03 5.2173463925e-05 
8.0151300000e-01 5.8069100000e-03 5.1984006382e-05 
8.0523200000e-01 5.7282900000e-03 5.1796537185e-05 
8.0895200000e-01 5.7527400000e-03 5.1669463945e-05 
8.1267100000e-01 5.7489500000e-03 5.1555761927e-05 
8.1639000000e-01 5.8083000000e-03 5.1556245433e-05 
8.2011000000e-01 5.8558800000e-03 5.1447341465e-05 
8.2382900000e-01 5.8239300000e-03 5.1305414686e-05 
8.2754800000e-01 5.8281500000e-03 5.1211630019e-05 
8.3126800000e-01 5.8259400000e-03 5.1122844523e-05 
8.3498700000e-01 5.8194800000e-03 5.0949393031e-05 
8.3870600000e-01 5.7759800000e-03 5.0766084023e-05 
8.4242600000e-01 5.7830400000e-03 5.0755767166e-05 
8.4614500000e-01 5.8346500000e-03 5.0656786068e-05 
8.4986400000e-01 5.8901900000e-03 5.0528402887e-05 
8.5358400000e-01 5.8731700000e-03 5.0681629649e-05 
8.5730300000e-01 5.8738000000e-03 5.0588134477e-05 
8.6102200000e-01 5.9430500000e-03 5.0438037181e-05 
8.6474200000e-01 5.9259700000e-03 5.0264815842e-05 
8.6846100000e-01 5.9058800000e-03 5.0170594168e-05 
8.7218000000e-01 5.8774800000e-03 5.0055767337e-05 
8.7589900000e-01 5.9210700000e-03 4.9990770100e-05 
8.7961900000e-01 5.9045200000e-03 4.9910013035e-05 
8.8333800000e-01 5.9127200000e-03 4.9782972024e-05 
8.8705700000e-01 5.8159000000e-03 4.9586666251e-05 
8.9077700000e-01 5.8720800000e-03 4.9511327999e-05 
8.9449600000e-01 5.9315300000e-03 4.9354476052e-05 
8.9821500000e-01 6.0062600000e-03 4.9463488138e-05 
9.0193500000e-01 5.9241500000e-03 4.9297440699e-05 
9.0565400000e-01 5.9740300000e-03 4.9270522733e-05 
9.0937300000e-01 5.9643800000e-03 4.9200529819e-05 
9.1309300000e-01 5.9482100000e-03 4.9066654979e-05 
9.1681200000e-01 5.9008300000e-03 4.8897492813e-05 
9.2053100000e-01 5.8920100000e-03 4.8737290576e-05 
9.2425100000e-01 5.9709400000e-03 4.8635946181e-05 
9.2797000000e-01 6.0510000000e-03 4.8658081867e-05 
9.3168900000e-01 5.9485800000e-03 4.8502342268e-05 
9.3540900000e-01 5.9426200000e-03 4.8503884769e-05 
9.3912800000e-01 5.9672300000e-03 4.8385678907e-05 
9.4284700000e-01 5.9636700000e-03 4.8036389241e-05 
9.4656700000e-01 5.9282300000e-03 4.7931103935e-05 
9.5028600000e-01 5.9690100000e-03 4.7821364365e-05 
9.5400500000e-01 5.9540400000e-03 4.7680352643e-05 
9.5772400000e-01 5.8787000000e-03 4.7549327724e-05 
9.6144400000e-01 5.8916100000e-03 4.7503686751e-05 
9.6516300000e-01 6.0079100000e-03 4.7507073657e-05 
9.6888200000e-01 6.0627200000e-03 4.7458829772e-05 
9.7260200000e-01 6.0178900000e-03 4.7354456680e-05 
9.7632100000e-01 5.9804400000e-03 4.7193717091e-05 
9.8004000000e-01 5.9564900000e-03 4.7038966647e-05 
9.8376000000e-01 5.9945600000e-03 4.7053673091e-05 
9.8747900000e-01 6.0362600000e-03 4.6981431132e-05 
9.9119800000e-01 6.0467500000e-03 4.6911445328e-05 
9.9491800000e-01 6.0447100000e-03 4.6715232801e-05 
9.9863700000e-01 6.0144000000e-03 4.6615312220e-05 
1.0023600000e+00 6.0050700000e-03 4.6529270556e-05 
1.0060800000e+00 6.0171500000e-03 4.6454028138e-05 
1.0097900000e+00 6.0398400000e-03 4.6446609596e-05 
1.0135100000e+00 6.0366400000e-03 4.6320026589e-05 
1.0172300000e+00 6.0164600000e-03 4.6179618092e-05 
1.0209500000e+00 6.0235700000e-03 4.6105425903e-05 
1.0246700000e+00 6.0047100000e-03 4.6012956087e-05 
1.0283900000e+00 6.0204100000e-03 4.5926646770e-05 
1.0321100000e+00 6.0172800000e-03 4.5841988831e-05 
1.0358300000e+00 6.1279500000e-03 4.5855372352e-05 
1.0395500000e+00 6.1726000000e-03 4.5967942180e-05 
1.0432700000e+00 6.1643700000e-03 4.5960910407e-05 
1.0469900000e+00 6.1616400000e-03 4.5864745039e-05 
1.0507100000e+00 6.1330200000e-03 4.5718958497e-05 
1.0544300000e+00 6.1412600000e-03 4.5606842137e-05 
1.0581500000e+00 6.1924800000e-03 4.5482578059e-05 
1.0618700000e+00 6.1690300000e-03 4.5432714007e-05 
1.0655800000e+00 6.2255000000e-03 4.5307543312e-05 
1.0693000000e+00 6.2265000000e-03 4.5237182741e-05 
1.0730200000e+00 6.1731000000e-03 4.5112426915e-05 
1.0767400000e+00 6.1980200000e-03 4.5116330095e-05 
1.0804600000e+00 6.1942300000e-03 4.5064886592e-05 
1.0841800000e+00 6.1271500000e-03 4.4798937514e-05 
1.0879000000e+00 6.1232900000e-03 4.4687194520e-05 
1.0916200000e+00 6.2195200000e-03 4.4684101603e-05 
1.0953400000e+00 6.2127300000e-03 4.4663905367e-05 
1.0990600000e+00 6.1774500000e-03 4.4592796233e-05 
1.1027800000e+00 6.1861000000e-03 4.4478594973e-05 
1.1065000000e+00 6.1630000000e-03 4.4378387054e-05 
1.1102200000e+00 6.1326500000e-03 4.4253085574e-05 
1.1139400000e+00 6.1929000000e-03 4.4219480062e-05 
1.1176600000e+00 6.2338500000e-03 4.4185465264e-05 
1.1213700000e+00 6.2622100000e-03 4.4162420240e-05 
1.1250900000e+00 6.2473000000e-03 4.4051920960e-05 
1.1288100000e+00 6.2070100000e-03 4.3956719044e-05 
1.1325300000e+00 6.2364600000e-03 4.3941471123e-05 
1.1362500000e+00 6.2287100000e-03 4.3859934728e-05 
1.1399700000e+00 6.2033800000e-03 4.3746102906e-05 
1.1436900000e+00 6.2316200000e-03 4.3619777940e-05 
1.1474100000e+00 6.2912900000e-03 4.3580185033e-05 
1.1511300000e+00 6.2712200000e-03 4.3493246100e-05 
1.1548500000e+00 6.2125200000e-03 4.3397396787e-05 
1.1585700000e+00 6.1790000000e-03 4.3297765699e-05 
1.1622900000e+00 6.2139300000e-03 4.3284320266e-05 
1.1660100000e+00 6.1891800000e-03 4.3160826017e-05 
1.1697300000e+00 6.1921100000e-03 4.3094648829e-05 
1.1734400000e+00 6.2606800000e-03 4.3034245883e-05 
1.1771600000e+00 6.2325400000e-03 4.2999856229e-05 
1.1808800000e+00 6.2715800000e-03 4.2946994879e-05 
1.1846000000e+00 6.2600800000e-03 4.2850349127e-05 
1.1883200000e+00 6.1706600000e-03 4.2726735062e-05 
1.1920400000e+00 6.1612700000e-03 4.2636455370e-05 
1.1957600000e+00 6.2527700000e-03 4.2618472464e-05 
1.1994800000e+00 6.2861100000e-03 4.2497807828e-05 
1.2032000000e+00 6.2196200000e-03 4.2405601455e-05 
1.2069200000e+00 6.2219800000e-03 4.2380016600e-05 
1.2106400000e+00 6.2638800000e-03 4.2391896632e-05 
1.2143600000e+00 6.2371300000e-03 4.2301575112e-05 
1.2180800000e+00 6.2246300000e-03 4.2215857594e-05 
1.2218000000e+00 6.2313400000e-03 4.2115621710e-05 
1.2255200000e+00 6.2360200000e-03 4.2064282933e-05 
1.2292300000e+00 6.2135700000e-03 4.2016301595e-05 
1.2329500000e+00 6.2440900000e-03 4.1924059647e-05 
1.2366700000e+00 6.2150600000e-03 4.1831567115e-05 
1.2403900000e+00 6.1891200000e-03 4.1810125804e-05 
1.2441100000e+00 6.1755000000e-03 4.1754495471e-05 
1.2478300000e+00 6.1979500000e-03 4.1720638754e-05 
1.2515500000e+00 6.2649700000e-03 4.1640765894e-05 
1.2552700000e+00 6.2618800000e-03 4.1573032053e-05 
1.2589900000e+00 6.3256100000e-03 4.1535941936e-05 
1.2627100000e+00 6.2949900000e-03 4.1507252493e-05 
1.2664300000e+00 6.1984900000e-03 4.1358539377e-05 
1.2701500000e+00 6.1951200000e-03 4.1292071078e-05 
1.2738700000e+00 6.2429100000e-03 4.1263025493e-05 
1.2775900000e+00 6.2790200000e-03 4.1234402297e-05 
1.2813100000e+00 6.2451600000e-03 4.1151451829e-05 
1.2850200000e+00 6.1932900000e-03 4.1027444343e-05 
1.2887400000e+00 6.2192000000e-03 4.0952177095e-05 
1.2924600000e+00 6.1858300000e-03 4.0909046614e-05 
1.2961800000e+00 6.1855200000e-03 4.0846083983e-05 
1.2999000000e+00 6.2120200000e-03 4.0787243576e-05 
1.3036200000e+00 6.1843900000e-03 4.0784208052e-05 
1.3073400000e+00 6.2167300000e-03 4.0748061914e-05 
1.3110600000e+00 6.2352700000e-03 4.0640700649e-05 
1.3147800000e+00 6.2442800000e-03 4.0556078221e-05 
1.3185000000e+00 6.2558900000e-03 4.0494767391e-05 
1.3222200000e+00 6.1579000000e-03 4.0389573850e-05 
1.3259400000e+00 6.1405400000e-03 4.0299356113e-05 
1.3296600000e+00 6.1622500000e-03 4.0276029001e-05 
1.3333800000e+00 6.1828800000e-03 4.0239080673e-05 
1.3370900000e+00 6.1885900000e-03 4.0116602010e-05 
1.3408100000e+00 6.2112400000e-03 4.0077037612e-05 
1.3445300000e+00 6.1841700000e-03 4.0029786422e-05 
1.3482500000e+00 6.1767600000e-03 3.9967031305e-05 
1.3519700000e+00 6.1561400000e-03 3.9903459817e-05 
1.3556900000e+00 6.1011500000e-03 3.9809459655e-05 
1.3594100000e+00 6.0966600000e-03 3.9752676116e-05 
1.3631300000e+00 6.1071100000e-03 3.9677363149e-05 
1.3668500000e+00 6.1143200000e-03 3.9621315965e-05 
1.3705700000e+00 6.1555500000e-03 3.9610673607e-05 
1.3742900000e+00 6.1429800000e-03 3.9582151979e-05 
1.3780100000e+00 6.1405700000e-03 3.9573362446e-05 
1.3817300000e+00 6.1482600000e-03 3.9493715356e-05 
1.3854500000e+00 6.1182400000e-03 3.9387689577e-05 
1.3891700000e+00 6.1238100000e-03 3.9317242904e-05 
1.3928800000e+00 6.1856700000e-03 3.9281152505e-05 
1.3966000000e+00 6.2377900000e-03 3.9270011910e-05 
1.4003200000e+00 6.1463900000e-03 3.9159001830e-05 
1.4040400000e+00 6.1467600000e-03 3.9089587106e-05 
1.4077600000e+00 6.1303100000e-03 3.9023758931e-05 
1.4114800000e+00 6.0686700000e-03 3.8889130873e-05 
1.4152000000e+00 6.0771700000e-03 3.8850719431e-05 
1.4189200000e+00 6.0890400000e-03 3.8830756564e-05 
1.4226400000e+00 6.1182000000e-03 3.8793413952e-05 
1.4263600000e+00 6.0810200000e-03 3.8672758740e-05 
1.4300800000e+00 6.0264600000e-03 3.8642419117e-05 
1.4338000000e+00 6.0235600000e-03 3.8602278383e-05 
1.4375200000e+00 6.0411800000e-03 3.8536872654e-05 
1.4412400000e+00 6.0660300000e-03 3.8547531753e-05 
1.4449600000e+00 6.1158400000e-03 3.8501565257e-05 
1.4486700000e+00 6.0952000000e-03 3.8404465031e-05 
1.4523900000e+00 6.0295600000e-03 3.8329180559e-05 
1.4561100000e+00 5.9728800000e-03 3.8222384077e-05 
1.4598300000e+00 6.0115800000e-03 3.8171190160e-05 
1.4635500000e+00 6.0583700000e-03 3.8167260927e-05 
1.4672700000e+00 6.0542200000e-03 3.8091149911e-05 
1.4709900000e+00 6.0101400000e-03 3.8056339890e-05 
1.4747100000e+00 5.9936700000e-03 3.8024106266e-05 
1.4784300000e+00 5.9939100000e-03 3.7939135340e-05 
1.4821500000e+00 5.9999100000e-03 3.7867061622e-05 
1.4858700000e+00 6.0136500000e-03 3.7835487557e-05 
1.4895900000e+00 5.9652800000e-03 3.7792321196e-05 
1.4933100000e+00 5.9812600000e-03 3.7698008785e-05 
1.4970300000e+00 5.9817200000e-03 3.7598596550e-05 
1.5007400000e+00 5.9719500000e-03 3.7571039903e-05 
1.5044600000e+00 5.9744700000e-03 3.7543890160e-05 
1.5081800000e+00 5.8985100000e-03 3.7467758126e-05 
1.5119000000e+00 5.8967500000e-03 3.7409857024e-05 
1.5156200000e+00 5.8800700000e-03 3.7347812254e-05 
1.5193400000e+00 5.9010800000e-03 3.7334975475e-05 
1.5230600000e+00 5.8713400000e-03 3.7239316428e-05 
1.5267800000e+00 5.8766800000e-03 3.7148435792e-05 
1.5305000000e+00 5.8759500000e-03 3.7117112163e-05 
1.5342200000e+00 5.8841900000e-03 3.7101269755e-05 
1.5379400000e+00 5.8921000000e-03 3.7033061137e-05 
1.5416600000e+00 5.8456600000e-03 3.6949428317e-05 
1.5453800000e+00 5.8323300000e-03 3.6905413056e-05 
1.5491000000e+00 5.8257000000e-03 3.6854545304e-05 
1.5528200000e+00 5.7856700000e-03 3.6786466203e-05 
1.5565300000e+00 5.7817500000e-03 3.6739690067e-05 
1.5602500000e+00 5.7501400000e-03 3.6716139471e-05 
1.5639700000e+00 5.7583700000e-03 3.6664284180e-05 
1.5676900000e+00 5.7401400000e-03 3.6615696684e-05 
1.5714100000e+00 5.7103400000e-03 3.6559979616e-05 
1.5751300000e+00 5.6807000000e-03 3.6453642648e-05 
1.5788500000e+00 5.7236000000e-03 3.6406242158e-05 
1.5825700000e+00 5.7364600000e-03 3.6422777373e-05 
1.5862900000e+00 5.6968800000e-03 3.6381612409e-05 
1.5900100000e+00 5.6751700000e-03 3.6306888677e-05 
1.5937300000e+00 5.6682400000e-03 3.6195468410e-05 
1.5974500000e+00 5.7133800000e-03 3.6134745195e-05 
1.6011700000e+00 5.6783300000e-03 3.6051890001e-05 
1.6048900000e+00 5.6420300000e-03 3.6006615403e-05 
1.6086100000e+00 5.6304300000e-03 3.5973470215e-05 
1.6123200000e+00 5.6079100000e-03 3.5940845238e-05 
1.6160400000e+00 5.6136900000e-03 3.5904053463e-05 
1.6197600000e+00 5.6656000000e-03 3.5817661053e-05 
1.6234800000e+00 5.6733200000e-03 3.5754201772e-05 
1.6272000000e+00 5.6409400000e-03 3.5734617959e-05 
1.6309200000e+00 5.6167900000e-03 3.5691831044e-05 
1.6346400000e+00 5.5723700000e-03 3.5600164018e-05 
1.6383600000e+00 5.5552700000e-03 3.5612391015e-05 
1.6420800000e+00 5.5358200000e-03 3.6242768859e-05 
1.6458000000e+00 5.5397100000e-03 3.5893006675e-05 
1.6495200000e+00 5.5289400000e-03 3.6134081022e-05 
1.6532400000e+00 5.5119300000e-03 3.6159626155e-05 
1.6569600000e+00 5.4861300000e-03 3.6185736698e-05 
1.6606800000e+00 5.4593200000e-03 3.6106906844e-05 
1.6643900000e+00 5.4810000000e-03 3.6101701866e-05 
1.6681100000e+00 5.5022500000e-03 3.6762201627e-05 
1.6718300000e+00 5.4640300000e-03 3.6864011918e-05 
1.6755500000e+00 5.4607900000e-03 3.6856205149e-05 
1.6792700000e+00 5.4378500000e-03 3.7365178803e-05 
1.6829900000e+00 5.4431600000e-03 3.7555873165e-05 
1.6867100000e+00 5.3863100000e-03 3.7567788353e-05 
1.6904300000e+00 5.3195400000e-03 3.7473363024e-05 
1.6941500000e+00 5.3562300000e-03 3.7517541477e-05 
1.6978700000e+00 5.3297500000e-03 3.8175221270e-05 
1.7015900000e+00 5.2998700000e-03 3.8097724925e-05 
1.7053100000e+00 5.3151500000e-03 3.7652054280e-05 
1.7090300000e+00 5.2957500000e-03 3.7757501943e-05 
1.7127500000e+00 5.2859900000e-03 3.8697530937e-05 
1.7164700000e+00 5.2766400000e-03 3.8754859014e-05 
1.7201800000e+00 5.3131600000e-03 3.8111337963e-05 
1.7239000000e+00 5.2839700000e-03 3.8056165767e-05 
1.7276200000e+00 5.2444600000e-03 3.7984920235e-05 
1.7313400000e+00 5.2468000000e-03 3.8577022343e-05 
1.7350600000e+00 5.2227300000e-03 3.8348899071e-05 
1.7387800000e+00 5.2340800000e-03 3.8143723391e-05 
1.7425000000e+00 5.1966300000e-03 3.9722662855e-05 
1.7462200000e+00 5.1981900000e-03 3.9474946322e-05 
1.7499400000e+00 5.1677600000e-03 3.8346868728e-05 
1.7536600000e+00 5.1407100000e-03 3.8986816645e-05 
1.7573800000e+00 5.1332300000e-03 3.8986666969e-05 
1.7611000000e+00 5.0869100000e-03 3.8587096789e-05 
1.7648200000e+00 5.0393500000e-03 3.8805132993e-05 
1.7685400000e+00 5.0328600000e-03 3.8529554537e-05 
1.7722600000e+00 5.0294800000e-03 3.8638436627e-05 
1.7759700000e+00 5.0106700000e-03 3.8725857690e-05 
1.7796900000e+00 5.0244000000e-03 3.8535815929e-05 
1.7834100000e+00 5.0163700000e-03 3.8729711398e-05 
1.7871300000e+00 5.0185000000e-03 3.8726937900e-05 
1.7908500000e+00 4.9695100000e-03 3.8809935591e-05 
1.7945700000e+00 4.9236400000e-03 3.8842996577e-05 
1.7982900000e+00 4.9290800000e-03 3.8592125746e-05 
1.8020100000e+00 4.8910500000e-03 3.8522542052e-05 
1.8057300000e+00 4.8636600000e-03 3.9205550970e-05 
1.8094500000e+00 4.8843200000e-03 3.9485186471e-05 
1.8131700000e+00 4.8930600000e-03 3.8919264083e-05 
1.8168900000e+00 4.8720500000e-03 3.8756049220e-05 
1.8206100000e+00 4.8984400000e-03 3.9490764208e-05 
1.8243300000e+00 4.8628700000e-03 4.0083072230e-05 
1.8280400000e+00 4.8803500000e-03 3.9659749593e-05 
1.8317600000e+00 4.8197200000e-03 3.8864007495e-05 
1.8354800000e+00 4.8207600000e-03 3.9235160192e-05 
1.8392000000e+00 4.8010600000e-03 3.9128300899e-05 
1.8429200000e+00 4.7878600000e-03 3.9874309522e-05 
1.8466400000e+00 4.7371100000e-03 3.8838477864e-05 
1.8503600000e+00 4.7213600000e-03 3.9070773101e-05 
1.8540800000e+00 4.6976800000e-03 4.1374277502e-05 
1.8578000000e+00 4.6868600000e-03 4.3190282998e-05 
1.8615200000e+00 4.6490400000e-03 3.9807535913e-05 
1.8652400000e+00 4.5803000000e-03 4.0169828234e-05 
1.8689600000e+00 4.5560800000e-03 4.1169480994e-05 
1.8726800000e+00 4.5978700000e-03 4.0831009591e-05 
1.8764000000e+00 4.5768400000e-03 4.1574446938e-05 
1.8801200000e+00 4.5552600000e-03 4.0913824252e-05 
1.8838300000e+00 4.5742300000e-03 4.1975908198e-05 
1.8875500000e+00 4.5395360000e-03 4.3787877761e-05 
1.8912700000e+00 4.5128200000e-03 4.3406369719e-05 
1.8949900000e+00 4.5353000000e-03 4.2874620228e-05 
1.8987100000e+00 4.6060300000e-03 4.2219373783e-05 
1.9024300000e+00 4.5359000000e-03 4.2971550359e-05 
1.9061500000e+00 4.4846540000e-03 4.3605053195e-05 
1.9098700000e+00 4.5139200000e-03 4.4653059889e-05 
1.9135900000e+00 4.4681500000e-03 4.4493562972e-05 
1.9173100000e+00 4.4693900000e-03 4.4290457074e-05 
1.9210300000e+00 4.4388590000e-03 4.5132550727e-05 
1.9247500000e+00 4.4347580000e-03 4.4885536177e-05 
1.9284700000e+00 4.3585740000e-03 4.8255906518e-05 
1.9321900000e+00 4.3038800000e-03 4.6966120889e-05 
1.9359100000e+00 4.3021320000e-03 4.5628014780e-05 
1.9396200000e+00 4.2932380000e-03 4.5842945024e-05 
1.9433400000e+00 4.2890280000e-03 4.7062834263e-05 
1.9470600000e+00 4.2886600000e-03 4.7663975629e-05 
1.9507800000e+00 4.2986210000e-03 5.0013869608e-05 
1.9545000000e+00 4.3149260000e-03 4.8571019341e-05 
1.9582200000e+00 4.2667860000e-03 4.7687767630e-05 
1.9619400000e+00 4.2412280000e-03 4.8279231872e-05 
1.9656600000e+00 4.2611770000e-03 4.7652327312e-05 
1.9693800000e+00 4.2516480000e-03 5.0218387063e-05 
1.9731000000e+00 4.1530000000e-03 5.1823104719e-05 
1.9768200000e+00 4.1255900000e-03 4.8549540183e-05 
1.9805400000e+00 4.1643170000e-03 4.8607150693e-05 
1.9842600000e+00 4.1343600000e-03 5.1404646284e-05 
1.9879800000e+00 4.1263660000e-03 5.1001445246e-05 
1.9916900000e+00 4.0563890000e-03 4.9103378364e-05 
1.9954100000e+00 4.0445680000e-03 4.9881235406e-05 
1.9991300000e+00 4.0645120000e-03 5.0184416728e-05 
2.0028500000e+00 4.0052590000e-03 5.1643788793e-05 
2.0065700000e+00 3.9535860000e-03 5.0383751452e-05 
2.0102900000e+00 3.9237860000e-03 5.1117781543e-05 
2.0140100000e+00 3.9552080000e-03 5.5553018825e-05 
2.0177300000e+00 3.9323930000e-03 5.2874989315e-05 
2.0214500000e+00 3.9356190000e-03 5.2260800693e-05 
2.0251700000e+00 3.9640570000e-03 5.3046626767e-05 
2.0288900000e+00 3.8704270000e-03 5.2319261656e-05 
2.0326100000e+00 3.8788310000e-03 5.3260783933e-05 
2.0363300000e+00 3.8810100000e-03 5.2550498750e-05 
2.0400500000e+00 3.8464080000e-03 5.4245179325e-05 
2.0437700000e+00 3.7611930000e-03 5.6254979231e-05 
2.0474800000e+00 3.7545620000e-03 5.6653180448e-05 
2.0512000000e+00 3.7908600000e-03 5.3631656632e-05 
2.0549200000e+00 3.8058060000e-03 5.5638340424e-05 
2.0586400000e+00 3.8118440000e-03 5.7577679835e-05 
2.0623600000e+00 3.7352270000e-03 5.6061563061e-05 
2.0660800000e+00 3.6939610000e-03 5.3713052637e-05 
2.0698000000e+00 3.6717480000e-03 5.5242114393e-05 
2.0735200000e+00 3.5752780000e-03 5.6050200084e-05 
2.0772400000e+00 3.5364580000e-03 5.9145043411e-05 
2.0809600000e+00 3.5535040000e-03 5.7909808272e-05 
2.0846800000e+00 3.5562810000e-03 5.7897408199e-05 
2.0884000000e+00 3.6411500000e-03 5.7789306973e-05 
2.0921200000e+00 3.5609440000e-03 5.9174261525e-05 
2.0958400000e+00 3.5599230000e-03 5.7312491679e-05 
2.0995600000e+00 3.5610820000e-03 5.7980820458e-05 
2.1032700000e+00 3.5146560000e-03 5.9322940351e-05 
2.1069900000e+00 3.5060550000e-03 5.9220596515e-05 
2.1107100000e+00 3.5028550000e-03 6.2093141422e-05 
2.1144300000e+00 3.4787690000e-03 6.3719425985e-05 
2.1181500000e+00 3.4660010000e-03 6.1745083316e-05 
2.1218700000e+00 3.4106640000e-03 6.3163121044e-05 
2.1255900000e+00 3.4088480000e-03 5.9591784024e-05 
2.1293100000e+00 3.4256590000e-03 5.9325753357e-05 
2.1330300000e+00 3.4633400000e-03 6.1225350953e-05 
2.1367500000e+00 3.4772540000e-03 6.7533399254e-05 
2.1404700000e+00 3.3672400000e-03 6.6943634485e-05 
2.1441900000e+00 3.3864090000e-03 6.2344436635e-05 
2.1479100000e+00 3.4559100000e-03 6.4956498160e-05 
2.1516300000e+00 3.3958800000e-03 6.0554833662e-05 
2.1553400000e+00 3.3278250000e-03 6.2143400025e-05 
2.1590600000e+00 3.2493690000e-03 6.6135966443e-05 
2.1627800000e+00 3.2029300000e-03 6.8859807547e-05 
2.1665000000e+00 3.1926160000e-03 6.9329995526e-05 
2.1702200000e+00 3.2121410000e-03 6.5634077280e-05 
2.1739400000e+00 3.1835470000e-03 7.4425047604e-05 
2.1776600000e+00 3.1928150000e-03 6.7049813326e-05 
2.1813800000e+00 3.1439950000e-03 6.6884035115e-05 
2.1851000000e+00 3.1378170000e-03 7.2718032062e-05 
2.1888200000e+00 3.0041060000e-03 6.9424957052e-05 
2.1925400000e+00 2.9453680000e-03 6.5179239832e-05 
2.1962600000e+00 3.0446230000e-03 6.6944795799e-05 
2.1999800000e+00 3.2038020000e-03 7.1502522698e-05 
2.2037000000e+00 3.1744460000e-03 7.2541651840e-05 
2.2074200000e+00 3.1560500000e-03 9.0019777394e-05 
2.2111300000e+00 2.9856140000e-03 8.0976304047e-05 
2.2148500000e+00 2.9130680000e-03 6.7144533093e-05 
2.2185700000e+00 2.9860480000e-03 6.7793843406e-05 
2.2222900000e+00 2.9977340000e-03 6.8972174464e-05 
2.2260100000e+00 2.9836340000e-03 7.1351319146e-05 
2.2297300000e+00 2.9373830000e-03 7.8262163457e-05 
2.2334500000e+00 2.8838900000e-03 8.2256253553e-05 
2.2371700000e+00 2.9194940000e-03 8.4336462154e-05 
2.2408900000e+00 3.0473490000e-03 8.2580872599e-05 
2.2446100000e+00 3.0247430000e-03 7.6300761470e-05 
2.2483300000e+00 2.8227380000e-03 7.2159129948e-05 
2.2520500000e+00 2.8573150000e-03 7.5418161419e-05 
2.2557700000e+00 2.9483960000e-03 8.5347190713e-05 
2.2594900000e+00 2.9362550000e-03 9.6995422496e-05 
2.2632100000e+00 2.7526120000e-03 8.2980714380e-05 
2.2669200000e+00 2.7039350000e-03 9.0758359787e-05 
2.2706400000e+00 2.8243470000e-03 8.1131230395e-05 
2.2743600000e+00 2.7360000000e-03 8.6155739238e-05 
2.2780800000e+00 2.7440680000e-03 8.9460478550e-05 
2.2818000000e+00 2.7959300000e-03 9.3147086155e-05 
2.2855200000e+00 2.7609920000e-03 9.1185813844e-05 
2.2892400000e+00 2.7551150000e-03 9.8755308538e-05 
2.2929600000e+00 2.6692950000e-03 9.2233014926e-05 
2.2966800000e+00 2.5683200000e-03 8.1924254052e-05 
2.3004000000e+00 2.6061100000e-03 8.4152352031e-05 
2.3041200000e+00 2.6218880000e-03 8.7063797523e-05 
2.3078400000e+00 2.5466170000e-03 9.6001547371e-05 
2.3115600000e+00 2.5962280000e-03 9.5180123349e-05 
2.3152800000e+00 2.5432200000e-03 1.0414180176e-04 
2.3189900000e+00 2.6386790000e-03 1.1501358085e-04 
2.3227100000e+00 2.5200660000e-03 9.9644595331e-05 
2.3264300000e+00 2.3738850000e-03 8.7754653716e-05 
2.3301500000e+00 2.3061930000e-03 8.9490297524e-05 
2.3338700000e+00 2.3879390000e-03 9.3725984051e-05 
2.3375900000e+00 2.5469120000e-03 1.0431596234e-04 
2.3413100000e+00 2.4494540000e-03 1.0397045504e-04 
2.3450300000e+00 2.5106410000e-03 9.9774875780e-05 
2.3487500000e+00 2.5061230000e-03 1.1184756241e-04 
2.3524700000e+00 2.5169690000e-03 1.1168313134e-04 
2.3561900000e+00 2.4710240000e-03 1.0010934198e-04 
2.3599100000e+00 2.4282870000e-03 1.1054975370e-04 
2.3636300000e+00 2.4836570000e-03 1.0064140225e-04 
2.3673500000e+00 2.3973330000e-03 1.1317283883e-04 
2.3710700000e+00 2.3853520000e-03 1.0765412359e-04 
2.3747800000e+00 2.1215780000e-03 1.0295788308e-04 
2.3785000000e+00 2.1494380000e-03 1.0879552837e-04 
2.3822200000e+00 2.2316140000e-03 1.2553961696e-04 
2.3859400000e+00 2.2909620000e-03 1.2283154119e-04 
2.3896600000e+00 2.1390040000e-03 1.1544086433e-04 
2.3933800000e+00 2.2483610000e-03 1.1893845444e-04 
2.3971000000e+00 2.2348640000e-03 1.3992579169e-04 
2.4008200000e+00 2.0940710000e-03 1.4621436841e-04 
2.4045400000e+00 2.0444540000e-03 1.5508813565e-04 
2.4082600000e+00 2.2068100000e-03 1.2733460089e-04 
2.4119800000e+00 2.0383640000e-03 1.4271567407e-04 
2.4157000000e+00 2.0856960000e-03 1.7327158009e-04 
2.4194200000e+00 2.1291830000e-03 1.5955685090e-04 
2.4231400000e+00 1.8527060000e-03 2.1688887903e-04 
2.4268600000e+00 1.7402840000e-03 1.5252842627e-04 
2.4305700000e+00 1.8591030000e-03 1.5982275467e-04 
2.4342900000e+00 1.9719990000e-03 1.7513397663e-04 
2.4380100000e+00 1.8737580000e-03 2.0785076401e-04 
2.4417300000e+00 1.8825450000e-03 1.5743299850e-04 
2.4454500000e+00 1.8183170000e-03 1.6123709399e-04 
2.4491700000e+00 1.7736960000e-03 1.6658461083e-04 
2.4528900000e+00 1.7773110000e-03 1.8100913543e-04 
2.4566100000e+00 1.6011050000e-03 2.1546669207e-04 
2.4603300000e+00 1.5095500000e-03 1.6464711204e-04 
2.4640500000e+00 1.6106610000e-03 1.6938967867e-04 
2.4677700000e+00 1.8021310000e-03 1.8084961254e-04 
2.4714900000e+00 1.8205010000e-03 2.0288633915e-04 
2.4752100000e+00 1.6642710000e-03 1.6850892377e-04 
2.4789300000e+00 1.7708660000e-03 1.7242308350e-04 
2.4826500000e+00 1.7680760000e-03 1.7689012892e-04 
2.4863600000e+00 1.4911110000e-03 1.8167275938e-04 
2.4900800000e+00 1.3838860000e-03 1.9686563399e-04 
2.4938000000e+00 1.3971970000e-03 2.5155337724e-04 
2.4975200000e+00 1.5506180000e-03 1.8437413939e-04 
2.5012400000e+00 1.5502650000e-03 1.9423731645e-04 
2.5049600000e+00 1.7664900000e-03 2.0799352547e-04 
2.5086800000e+00 1.7326480000e-03 2.5492332018e-04 
2.5124000000e+00 1.5674980000e-03 1.8815267153e-04 
2.5161200000e+00 1.6163250000e-03 1.9333554318e-04 
2.5198400000e+00 1.8218460000e-03 1.9845588366e-04 
2.5235600000e+00 1.8402120000e-03 2.1051989287e-04 
2.5272800000e+00 2.0376510000e-03 2.2424944829e-04 
2.5310000000e+00 1.9488530000e-03 2.7040320569e-04 
2.5347200000e+00 2.3289070000e-03 3.9532544670e-04 
2.5384300000e+00 1.9588600000e-03 4.1799396891e-04 
2.5421500000e+00 1.5355830000e-03 3.2948426774e-04 
2.5458700000e+00 1.6343960000e-03 4.1245929630e-04 
2.5495900000e+00 8.0863900000e-04 6.3956459532e-04 
2.5533100000e+00 1.2812490000e-03 1.0347651750e-03 
