 1.3330637E-01  1.3357305E+06
 1.4134264E-01  1.2445576E+06
 1.4937891E-01  1.2382222E+06
 1.5741518E-01  1.1050020E+06
 1.6545145E-01  1.0044773E+06
 1.7348772E-01  9.3669744E+05
 1.8152398E-01  8.6318981E+05
 1.8956025E-01  8.1285569E+05
 1.9759652E-01  7.7417256E+05
 2.0563278E-01  7.5705425E+05
 2.1366906E-01  7.2882294E+05
 2.2170532E-01  6.9641719E+05
 2.2974159E-01  6.8396681E+05
 2.3777786E-01  6.7158175E+05
 2.4581413E-01  6.6557494E+05
 2.5385040E-01  6.5142581E+05
 2.6188666E-01  6.4152581E+05
 2.6992291E-01  6.2788969E+05
 2.7795920E-01  6.2201369E+05
 2.8599548E-01  6.1890331E+05
 2.9403174E-01  6.1944738E+05
 3.0206800E-01  6.0052338E+05
 3.1010425E-01  5.9805269E+05
 3.1814054E-01  5.9502038E+05
 3.2617682E-01  6.0298081E+05
 3.3421308E-01  5.9678050E+05
 3.4224933E-01  5.9404212E+05
 3.5028559E-01  5.8347644E+05
 3.5832188E-01  5.8341888E+05
 3.6635816E-01  5.8339775E+05
 3.7439442E-01  5.7297012E+05
 3.8243067E-01  5.7235419E+05
 3.9046693E-01  5.7746956E+05
 3.9850324E-01  5.8193888E+05
 4.0653950E-01  5.7542056E+05
 4.1457576E-01  5.6975225E+05
 4.2261201E-01  5.7296338E+05
 4.3064827E-01  5.6548562E+05
 4.3868458E-01  5.7253594E+05
 4.4672084E-01  5.6956000E+05
 4.5475709E-01  5.6576431E+05
 4.6279335E-01  5.5780831E+05
 4.7082961E-01  5.6170088E+05
 4.7886592E-01  5.6328525E+05
 4.8690218E-01  5.6451038E+05
 4.9493843E-01  5.6533631E+05
 5.0297469E-01  5.6706662E+05
 5.1101094E-01  5.6221025E+05
 5.1904726E-01  5.6073431E+05
 5.2708352E-01  5.5631625E+05
 5.3511977E-01  5.5774256E+05
 5.4315603E-01  5.5878150E+05
 5.5119228E-01  5.5283094E+05
 5.5922860E-01  5.5689131E+05
 5.6726485E-01  5.5095581E+05
 5.7530111E-01  5.5210806E+05
 5.8333737E-01  5.5451931E+05
 5.9137362E-01  5.5420106E+05
 5.9940994E-01  5.5154356E+05
 6.0744619E-01  5.5219006E+05
 6.1548245E-01  5.5766125E+05
 6.2351871E-01  5.5638844E+05
 6.3155502E-01  5.4949888E+05
 6.3959128E-01  5.4918288E+05
 6.4762753E-01  5.5085688E+05
 6.5566379E-01  5.5084806E+05
 6.6370010E-01  5.4989406E+05
 6.7173636E-01  5.5396362E+05
 6.7977262E-01  5.5525306E+05
 6.8780887E-01  5.4597125E+05
 6.9584513E-01  5.4405000E+05
 7.0388144E-01  5.4541950E+05
 7.1191770E-01  5.4390181E+05
 7.1995395E-01  5.4357912E+05
 7.2799021E-01  5.4979612E+05
 7.3602647E-01  5.4921975E+05
 7.4406278E-01  5.4973125E+05
 7.5209904E-01  5.4752988E+05
 7.6013529E-01  5.4946581E+05
 7.6817155E-01  5.5053544E+05
 7.7620780E-01  5.4883169E+05
 7.8424412E-01  5.5406500E+05
 7.9228038E-01  5.5256962E+05
 8.0031663E-01  5.4839350E+05
 8.0835289E-01  5.4724206E+05
 8.1638914E-01  5.5172981E+05
 8.2442546E-01  5.4788075E+05
 8.3246171E-01  5.4443906E+05
 8.4049797E-01  5.4396969E+05
 8.4853423E-01  5.4689144E+05
 8.5657048E-01  5.5074725E+05
 8.6460680E-01  5.4740156E+05
 8.7264305E-01  5.4653781E+05
 8.8067931E-01  5.4605275E+05
 8.8871557E-01  5.4672450E+05
 8.9675182E-01  5.4114612E+05
 9.0478814E-01  5.4631525E+05
 9.1282439E-01  5.4533131E+05
 9.2086065E-01  5.4429456E+05
 9.2889690E-01  5.4701750E+05
 9.3693316E-01  5.4236494E+05
 9.4496948E-01  5.4262844E+05
 9.5300573E-01  5.4651794E+05
 9.6104199E-01  5.4664694E+05
 9.6907824E-01  5.4879200E+05
 9.7711450E-01  5.4334581E+05
 9.8515081E-01  5.4260512E+05
 9.9318707E-01  5.4829138E+05
 1.0012233E+00  5.4814744E+05
 1.0092596E+00  5.4671562E+05
 1.0172958E+00  5.5307044E+05
 1.0253321E+00  5.4744456E+05
 1.0333683E+00  5.4763969E+05
 1.0414046E+00  5.4921019E+05
 1.0494409E+00  5.4349700E+05
 1.0574771E+00  5.4632662E+05
 1.0655135E+00  5.4576100E+05
 1.0735497E+00  5.4309556E+05
 1.0815860E+00  5.3900119E+05
 1.0896223E+00  5.4333912E+05
 1.0976585E+00  5.4702862E+05
 1.1056948E+00  5.4500031E+05
 1.1137310E+00  5.4024144E+05
 1.1217673E+00  5.4281894E+05
 1.1298035E+00  5.4039894E+05
 1.1378398E+00  5.4267788E+05
 1.1458760E+00  5.4095869E+05
 1.1539123E+00  5.4309788E+05
 1.1619487E+00  5.4520381E+05
 1.1699849E+00  5.4225800E+05
 1.1780212E+00  5.3678000E+05
 1.1860574E+00  5.4351275E+05
 1.1940937E+00  5.4022325E+05
 1.2021300E+00  5.4201981E+05
 1.2101662E+00  5.4411044E+05
 1.2182025E+00  5.4163800E+05
 1.2262387E+00  5.4191738E+05
 1.2342750E+00  5.3851819E+05
 1.2423114E+00  5.3823525E+05
 1.2503476E+00  5.4342525E+05
 1.2583839E+00  5.4108119E+05
 1.2664201E+00  5.4187131E+05
 1.2744564E+00  5.4127931E+05
 1.2824926E+00  5.4278500E+05
 1.2905289E+00  5.4914412E+05
 1.2985651E+00  5.4727488E+05
 1.3066014E+00  5.4766206E+05
 1.3146377E+00  5.4190188E+05
 1.3226740E+00  5.3942812E+05
 1.3307103E+00  5.3934381E+05
 1.3387465E+00  5.3946219E+05
 1.3467828E+00  5.3908306E+05
 1.3548191E+00  5.3587319E+05
 1.3628553E+00  5.4436831E+05
 1.3708916E+00  5.4009000E+05
 1.3789278E+00  5.3972194E+05
 1.3869641E+00  5.4122438E+05
 1.3950003E+00  5.4131800E+05
 1.4030367E+00  5.4127862E+05
 1.4110730E+00  5.3886269E+05
 1.4191092E+00  5.4473381E+05
 1.4271455E+00  5.4493850E+05
 1.4351817E+00  5.4134831E+05
 1.4432180E+00  5.4050081E+05
 1.4512542E+00  5.3946419E+05
 1.4592905E+00  5.3584044E+05
 1.4673268E+00  5.4558975E+05
 1.4753631E+00  5.4249606E+05
 1.4833994E+00  5.3878669E+05
 1.4914356E+00  5.3746688E+05
 1.4994719E+00  5.4250744E+05
 1.5075082E+00  5.4008306E+05
 1.5155444E+00  5.3884469E+05
 1.5235807E+00  5.3860225E+05
 1.5316169E+00  5.3566156E+05
 1.5396532E+00  5.3789100E+05
 1.5476894E+00  5.3677994E+05
 1.5557258E+00  5.3929031E+05
 1.5637621E+00  5.4021569E+05
 1.5717983E+00  5.4108369E+05
 1.5798346E+00  5.3951931E+05
 1.5878708E+00  5.4126956E+05
 1.5959071E+00  5.4078581E+05
 1.6039433E+00  5.3786306E+05
 1.6119796E+00  5.3853038E+05
 1.6200159E+00  5.3735844E+05
 1.6280521E+00  5.3671506E+05
 1.6360885E+00  5.3833581E+05
 1.6441247E+00  5.3760619E+05
 1.6521610E+00  5.3515188E+05
 1.6601973E+00  5.3842575E+05
 1.6682335E+00  5.3627712E+05
 1.6762698E+00  5.3559250E+05
 1.6843060E+00  5.3983325E+05
 1.6923423E+00  5.3425856E+05
 1.7003785E+00  5.3747931E+05
 1.7084148E+00  5.3505581E+05
 1.7164512E+00  5.3923181E+05
 1.7244874E+00  5.3343200E+05
 1.7325237E+00  5.3319975E+05
 1.7405599E+00  5.3683056E+05
 1.7485962E+00  5.3547775E+05
 1.7566324E+00  5.3349356E+05
 1.7646687E+00  5.3551025E+05
 1.7727050E+00  5.3692119E+05
 1.7807412E+00  5.3698819E+05
 1.7887775E+00  5.3479488E+05
 1.7968138E+00  5.3523675E+05
 1.8048501E+00  5.3864750E+05
 1.8128864E+00  5.3553931E+05
 1.8209226E+00  5.3198712E+05
 1.8289589E+00  5.3377856E+05
 1.8369951E+00  5.3163619E+05
 1.8450314E+00  5.3290825E+05
 1.8530676E+00  5.3409050E+05
 1.8611039E+00  5.3174075E+05
 1.8691401E+00  5.3430575E+05
 1.8771765E+00  5.3377669E+05
 1.8852128E+00  5.3698744E+05
 1.8932490E+00  5.3559469E+05
 1.9012853E+00  5.3298400E+05
 1.9093215E+00  5.2958812E+05
 1.9173578E+00  5.3132881E+05
 1.9253941E+00  5.3465356E+05
 1.9334303E+00  5.3707550E+05
 1.9414666E+00  5.3281606E+05
 1.9495029E+00  5.3461438E+05
 1.9575392E+00  5.3641069E+05
 1.9655755E+00  5.3557588E+05
 1.9736117E+00  5.3449288E+05
 1.9816480E+00  5.3529575E+05
 1.9896842E+00  5.3765694E+05
 1.9977205E+00  5.3884700E+05
 2.0057569E+00  5.3703731E+05
 2.0137930E+00  5.3653869E+05
 2.0218294E+00  5.3626225E+05
 2.0298657E+00  5.4016562E+05
 2.0379019E+00  5.3709669E+05
 2.0459383E+00  5.3937000E+05
 2.0539744E+00  5.4257625E+05
 2.0620108E+00  5.3976094E+05
 2.0700469E+00  5.3728462E+05
 2.0780833E+00  5.3645612E+05
 2.0861194E+00  5.3756125E+05
 2.0941558E+00  5.3801419E+05
 2.1021919E+00  5.3842681E+05
 2.1102283E+00  5.4050338E+05
 2.1182647E+00  5.3764769E+05
 2.1263008E+00  5.4039112E+05
 2.1343369E+00  5.3911675E+05
 2.1423733E+00  5.3575538E+05
 2.1504097E+00  5.3946025E+05
 2.1584458E+00  5.3538125E+05
 2.1664822E+00  5.3429188E+05
 2.1745183E+00  5.3303194E+05
 2.1825547E+00  5.3926919E+05
 2.1905909E+00  5.3742994E+05
 2.1986272E+00  5.3814731E+05
 2.2066634E+00  5.4158094E+05
 2.2146997E+00  5.4049119E+05
 2.2227359E+00  5.4201588E+05
 2.2307723E+00  5.3776875E+05
 2.2388086E+00  5.3800238E+05
 2.2468448E+00  5.3576106E+05
 2.2548811E+00  5.3786556E+05
 2.2629173E+00  5.3678488E+05
 2.2709537E+00  5.4102181E+05
 2.2789898E+00  5.3886875E+05
 2.2870262E+00  5.3837581E+05
 2.2950623E+00  5.4341388E+05
 2.3030987E+00  5.3627606E+05
 2.3111351E+00  5.3016556E+05
 2.3191712E+00  5.3240525E+05
 2.3272076E+00  5.3862238E+05
 2.3352437E+00  5.3712312E+05
 2.3432801E+00  5.3919175E+05
 2.3513162E+00  5.3938056E+05
 2.3593526E+00  5.3719438E+05
 2.3673887E+00  5.4111144E+05
 2.3754251E+00  5.3329181E+05
 2.3834612E+00  5.3280000E+05
 2.3914976E+00  5.3197862E+05
 2.3995340E+00  5.3102031E+05
 2.4075701E+00  5.3135600E+05
 2.4156065E+00  5.3344838E+05
 2.4236426E+00  5.3256669E+05
 2.4316790E+00  5.3299606E+05
 2.4397151E+00  5.3459681E+05
 2.4477515E+00  5.3275406E+05
 2.4557877E+00  5.3455825E+05
 2.4638240E+00  5.3294775E+05
 2.4718604E+00  5.3199450E+05
 2.4798965E+00  5.2904969E+05
 2.4879329E+00  5.3356844E+05
 2.4959691E+00  5.3608100E+05
 2.5040054E+00  5.3237594E+05
 2.5120416E+00  5.3328869E+05
 2.5200779E+00  5.3328512E+05
 2.5281141E+00  5.3206506E+05
 2.5361505E+00  5.3616831E+05
 2.5441868E+00  5.3286812E+05
 2.5522230E+00  5.3396462E+05
 2.5602593E+00  5.3789250E+05
 2.5682955E+00  5.3696638E+05
 2.5763319E+00  5.3109350E+05
 2.5843680E+00  5.3129162E+05
 2.5924044E+00  5.3344769E+05
 2.6004405E+00  5.3591356E+05
 2.6084769E+00  5.3560519E+05
 2.6165130E+00  5.3796550E+05
 2.6245494E+00  5.3496775E+05
 2.6325858E+00  5.3214344E+05
 2.6406219E+00  5.3425369E+05
 2.6486583E+00  5.2935544E+05
 2.6566944E+00  5.3372775E+05
 2.6647308E+00  5.3044775E+05
 2.6727669E+00  5.3206731E+05
 2.6808033E+00  5.3189138E+05
 2.6888394E+00  5.3259631E+05
 2.6968758E+00  5.3342419E+05
 2.7049122E+00  5.2844906E+05
 2.7129483E+00  5.3507012E+05
 2.7209847E+00  5.3548725E+05
 2.7290208E+00  5.3202800E+05
 2.7370572E+00  5.3200800E+05
 2.7450933E+00  5.3274550E+05
 2.7531297E+00  5.2732506E+05
 2.7611659E+00  5.3046688E+05
 2.7692022E+00  5.3121206E+05
 2.7772384E+00  5.3091856E+05
 2.7852747E+00  5.2826319E+05
 2.7933111E+00  5.2635450E+05
 2.8013473E+00  5.2388353E+05
 2.8093836E+00  5.2541638E+05
 2.8174198E+00  5.2542538E+05
 2.8254561E+00  5.2811512E+05
 2.8334923E+00  5.3057512E+05
 2.8415287E+00  5.2743550E+05
 2.8495648E+00  5.2859438E+05
 2.8576012E+00  5.2602750E+05
 2.8656375E+00  5.2959450E+05
 2.8736737E+00  5.3245481E+05
 2.8817101E+00  5.2875344E+05
 2.8897462E+00  5.2720319E+05
 2.8977826E+00  5.3213144E+05
 2.9058187E+00  5.3134625E+05
 2.9138551E+00  5.3051369E+05
 2.9218912E+00  5.3296881E+05
 2.9299276E+00  5.2654712E+05
 2.9379637E+00  5.2410988E+05
 2.9460001E+00  5.2792025E+05
 2.9540365E+00  5.2956188E+05
 2.9620726E+00  5.2482988E+05
 2.9701090E+00  5.3245681E+05
 2.9781451E+00  5.3156669E+05
 2.9861815E+00  5.2660700E+05
 2.9942176E+00  5.2613206E+05
 3.0022540E+00  5.2754438E+05
 3.0102901E+00  5.3213962E+05
 3.0183265E+00  5.3517338E+05
 3.0263629E+00  5.3471056E+05
 3.0343990E+00  5.2223344E+05
 3.0424354E+00  5.2671519E+05
 3.0504715E+00  5.3215856E+05
 3.0585079E+00  5.2792031E+05
 3.0665441E+00  5.2843281E+05
 3.0745804E+00  5.2428450E+05
 3.0826166E+00  5.2913475E+05
 3.0906529E+00  5.2722331E+05
 3.0986893E+00  5.2319412E+05
 3.1067255E+00  5.2471794E+05
 3.1147618E+00  5.2927606E+05
 3.1227980E+00  5.3177038E+05
 3.1308343E+00  5.2909819E+05
 3.1388705E+00  5.2636194E+05
 3.1469069E+00  5.2420006E+05
 3.1549430E+00  5.2139366E+05
 3.1629794E+00  5.2074688E+05
 3.1710155E+00  5.2912675E+05
 3.1790519E+00  5.3407431E+05
 3.1870883E+00  5.2709838E+05
 3.1951244E+00  5.2428894E+05
 3.2031608E+00  5.2418728E+05
 3.2111969E+00  5.1956284E+05
 3.2192333E+00  5.2011244E+05
 3.2272694E+00  5.2365059E+05
 3.2353058E+00  5.2669431E+05
 3.2433419E+00  5.2355872E+05
 3.2513783E+00  5.2497362E+05
 3.2594147E+00  5.1929238E+05
 3.2674508E+00  5.1822028E+05
 3.2754872E+00  5.1926397E+05
 3.2835233E+00  5.2177272E+05
 3.2915597E+00  5.2187150E+05
 3.2995958E+00  5.1874750E+05
 3.3076322E+00  5.1797341E+05
 3.3156683E+00  5.2285703E+05
 3.3237047E+00  5.2548638E+05
 3.3317409E+00  5.2206962E+05
 3.3397772E+00  5.1781306E+05
 3.3478136E+00  5.1930784E+05
 3.3558497E+00  5.2313962E+05
 3.3638861E+00  5.2019353E+05
 3.3719223E+00  5.2278462E+05
 3.3799586E+00  5.2096578E+05
 3.3879948E+00  5.2131984E+05
 3.3960311E+00  5.1456147E+05
 3.4040673E+00  5.1572091E+05
 3.4121037E+00  5.1816262E+05
 3.4201400E+00  5.2199569E+05
 3.4281762E+00  5.1674731E+05
 3.4362125E+00  5.1633081E+05
 3.4442487E+00  5.1242088E+05
 3.4522851E+00  5.0992022E+05
 3.4603212E+00  5.1343784E+05
 3.4683576E+00  5.1616081E+05
 3.4763937E+00  5.1149378E+05
 3.4844301E+00  5.1797112E+05
 3.4924664E+00  5.1486756E+05
 3.5005026E+00  5.1723462E+05
 3.5085390E+00  5.2118866E+05
 3.5165751E+00  5.1968312E+05
 3.5246115E+00  5.1824459E+05
 3.5326476E+00  5.1788959E+05
 3.5406840E+00  5.1772088E+05
 3.5487201E+00  5.1506875E+05
 3.5567565E+00  5.1728191E+05
 3.5647926E+00  5.2085022E+05
 3.5728290E+00  5.1993603E+05
 3.5808654E+00  5.1417238E+05
 3.5889015E+00  5.1309981E+05
 3.5969379E+00  5.1765834E+05
 3.6049740E+00  5.1964894E+05
 3.6130104E+00  5.1247088E+05
 3.6210465E+00  5.1114969E+05
 3.6290829E+00  5.1368591E+05
 3.6371191E+00  5.1399247E+05
 3.6451554E+00  5.1525653E+05
 3.6531918E+00  5.1190194E+05
 3.6612279E+00  5.1544428E+05
 3.6692643E+00  5.1745641E+05
 3.6773005E+00  5.1412647E+05
 3.6853368E+00  5.1940341E+05
 3.6933730E+00  5.1598528E+05
 3.7014093E+00  5.1073478E+05
 3.7094455E+00  5.1523941E+05
 3.7174819E+00  5.1922119E+05
 3.7255180E+00  5.1064362E+05
 3.7335544E+00  5.1274241E+05
 3.7415907E+00  5.1453772E+05
 3.7496269E+00  5.1132888E+05
 3.7576632E+00  5.1872109E+05
 3.7656994E+00  5.1527519E+05
 3.7737358E+00  5.0963362E+05
 3.7817719E+00  5.1045291E+05
 3.7898083E+00  5.1658244E+05
 3.7978444E+00  5.1317519E+05
 3.8058808E+00  5.0986766E+05
 3.8139172E+00  5.1555466E+05
 3.8219533E+00  5.1704269E+05
 3.8299897E+00  5.1116794E+05
 3.8380258E+00  5.1105931E+05
 3.8460622E+00  5.2156244E+05
 3.8540983E+00  5.1958966E+05
 3.8621347E+00  5.1415872E+05
 3.8701708E+00  5.0977500E+05
 3.8782072E+00  5.1437572E+05
 3.8862433E+00  5.1274131E+05
 3.8942797E+00  5.1324222E+05
 3.9023161E+00  5.1285459E+05
 3.9103522E+00  5.1956556E+05
 3.9183886E+00  5.2005684E+05
 3.9264247E+00  5.1478041E+05
 3.9344611E+00  5.1334784E+05
 3.9424973E+00  5.1731644E+05
 3.9505336E+00  5.1862672E+05
 3.9585698E+00  5.1868456E+05
 3.9666061E+00  5.1346781E+05
 3.9746425E+00  5.1415291E+05
 3.9826787E+00  5.0787400E+05
 3.9907150E+00  5.0913653E+05
 3.9987512E+00  5.1179712E+05
 4.0067878E+00  5.0895572E+05
 4.0148239E+00  5.1134466E+05
 4.0228601E+00  5.1238325E+05
 4.0308962E+00  5.1596353E+05
 4.0389328E+00  5.0992359E+05
 4.0469689E+00  5.0964628E+05
 4.0550051E+00  5.1363169E+05
 4.0630417E+00  5.0518828E+05
 4.0710778E+00  5.0680019E+05
 4.0791140E+00  5.1522397E+05
 4.0871501E+00  5.1361503E+05
 4.0951867E+00  5.1077081E+05
 4.1032228E+00  5.1403550E+05
 4.1112590E+00  5.1342438E+05
 4.1192951E+00  5.1150894E+05
 4.1273317E+00  5.0930553E+05
 4.1353679E+00  5.1358316E+05
 4.1434040E+00  5.1248622E+05
 4.1514401E+00  5.1171412E+05
 4.1594768E+00  5.1348075E+05
 4.1675129E+00  5.1259619E+05
 4.1755490E+00  5.1344556E+05
 4.1835852E+00  5.1119228E+05
 4.1916218E+00  5.1413169E+05
 4.1996579E+00  5.1441359E+05
 4.2076941E+00  5.1155019E+05
 4.2157307E+00  5.1005356E+05
 4.2237668E+00  5.1394488E+05
 4.2318029E+00  5.1552606E+05
 4.2398391E+00  5.0932650E+05
 4.2478757E+00  5.1427675E+05
 4.2559118E+00  5.1243053E+05
 4.2639480E+00  5.1201175E+05
 4.2719841E+00  5.1359750E+05
 4.2800207E+00  5.1417769E+05
 4.2880569E+00  5.1213034E+05
 4.2960930E+00  5.1409284E+05
 4.3041296E+00  5.0922050E+05
 4.3121657E+00  5.1023181E+05
 4.3202019E+00  5.1764544E+05
 4.3282380E+00  5.1409269E+05
 4.3362746E+00  5.1072803E+05
 4.3443108E+00  5.1515175E+05
 4.3523469E+00  5.1133244E+05
 4.3603830E+00  5.1153544E+05
 4.3684196E+00  5.0846019E+05
 4.3764558E+00  5.1587481E+05
 4.3844919E+00  5.1523566E+05
 4.3925285E+00  5.1642362E+05
 4.4005647E+00  5.1202272E+05
 4.4086008E+00  5.0678038E+05
 4.4166369E+00  5.1090544E+05
 4.4246736E+00  5.0900981E+05
 4.4327097E+00  5.1308609E+05
 4.4407458E+00  5.0384284E+05
 4.4487824E+00  5.1036397E+05
 4.4568186E+00  5.1465431E+05
 4.4648547E+00  5.1197731E+05
 4.4728909E+00  5.1060941E+05
 4.4809275E+00  5.1161384E+05
 4.4889636E+00  5.0532222E+05
 4.4969997E+00  5.1136022E+05
 4.5050359E+00  5.1115794E+05
 4.5130725E+00  5.1127269E+05
 4.5211086E+00  5.1298275E+05
 4.5291448E+00  5.1103038E+05
 4.5371814E+00  5.0682762E+05
 4.5452175E+00  5.0947056E+05
 4.5532537E+00  5.0532388E+05
 4.5612898E+00  5.0831997E+05
 4.5693264E+00  5.0980822E+05
 4.5773625E+00  5.1236747E+05
 4.5853987E+00  5.0993497E+05
 4.5934348E+00  5.1057656E+05
 4.6014714E+00  5.0752425E+05
 4.6095076E+00  5.0436812E+05
 4.6175437E+00  5.0816072E+05
 4.6255803E+00  5.0978353E+05
 4.6336164E+00  5.1108809E+05
 4.6416526E+00  5.0957769E+05
 4.6496887E+00  5.1132853E+05
 4.6577253E+00  5.1165456E+05
 4.6657615E+00  5.1324150E+05
 4.6737976E+00  5.1457697E+05
 4.6818342E+00  5.1725703E+05
 4.6898704E+00  5.1601581E+05
 4.6979065E+00  5.1322000E+05
 4.7059426E+00  5.1519009E+05
 4.7139792E+00  5.1880072E+05
 4.7220154E+00  5.1266259E+05
 4.7300515E+00  5.1460216E+05
 4.7380877E+00  5.1978031E+05
 4.7461243E+00  5.1889206E+05
 4.7541604E+00  5.1508519E+05
 4.7621965E+00  5.2133178E+05
 4.7702332E+00  5.2114575E+05
 4.7782693E+00  5.1609938E+05
 4.7863054E+00  5.0475488E+05
 4.7943416E+00  5.1293062E+05
 4.8023782E+00  5.0966209E+05
 4.8104143E+00  5.0438397E+05
 4.8184505E+00  5.1314247E+05
 4.8264866E+00  5.1364472E+05
 4.8345232E+00  5.1109106E+05
 4.8425593E+00  5.0283112E+05
 4.8505955E+00  5.1662959E+05
 4.8586321E+00  5.0501262E+05
 4.8666682E+00  5.0620206E+05
 4.8747044E+00  5.0538650E+05
 4.8827405E+00  5.0148875E+05
 4.8907771E+00  5.0903025E+05
 4.8988132E+00  5.2093878E+05
 4.9068494E+00  5.1926566E+05
 4.9148855E+00  5.1640347E+05
 4.9229221E+00  5.1035162E+05
 4.9309583E+00  5.1351384E+05
 4.9389944E+00  5.1115981E+05
 4.9470310E+00  5.1475309E+05
 4.9550672E+00  5.0671747E+05
 4.9631033E+00  5.0995647E+05
 4.9711394E+00  5.1943141E+05
 4.9791760E+00  5.1973575E+05
 4.9872122E+00  4.9605509E+05
 4.9952483E+00  5.1841384E+05
 5.0032849E+00  5.2202616E+05
 5.0113211E+00  5.1436838E+05
 5.0193572E+00  5.0582869E+05
