 1.3330637E-01  1.0140996E+06
 1.4134264E-01  9.4775169E+05
 1.4937891E-01  9.8483206E+05
 1.5741518E-01  9.0687025E+05
 1.6545145E-01  8.4049044E+05
 1.7348772E-01  7.9639406E+05
 1.8152398E-01  7.4137106E+05
 1.8956025E-01  7.1399162E+05
 1.9759652E-01  7.0369544E+05
 2.0563278E-01  6.8113281E+05
 2.1366906E-01  6.6159181E+05
 2.2170532E-01  6.5336200E+05
 2.2974159E-01  6.4358106E+05
 2.3777786E-01  6.4574275E+05
 2.4581413E-01  6.3703850E+05
 2.5385040E-01  6.2594694E+05
 2.6188666E-01  6.1482450E+05
 2.6992291E-01  6.1445531E+05
 2.7795920E-01  6.1534081E+05
 2.8599548E-01  6.1500438E+05
 2.9403174E-01  6.0715400E+05
 3.0206800E-01  6.0254038E+05
 3.1010425E-01  6.0748462E+05
 3.1814054E-01  6.0948069E+05
 3.2617682E-01  6.1006306E+05
 3.3421308E-01  6.0456331E+05
 3.4224933E-01  6.0169050E+05
 3.5028559E-01  6.0361862E+05
 3.5832188E-01  5.9458338E+05
 3.6635816E-01  5.9643544E+05
 3.7439442E-01  6.0531756E+05
 3.8243067E-01  6.0001806E+05
 3.9046693E-01  5.9783850E+05
 3.9850324E-01  5.9148725E+05
 4.0653950E-01  5.9638669E+05
 4.1457576E-01  5.9215794E+05
 4.2261201E-01  5.9820900E+05
 4.3064827E-01  5.9216062E+05
 4.3868458E-01  5.9396306E+05
 4.4672084E-01  5.9414419E+05
 4.5475709E-01  5.9319656E+05
 4.6279335E-01  5.9409575E+05
 4.7082961E-01  5.9159400E+05
 4.7886592E-01  5.9391850E+05
 4.8690218E-01  5.9470281E+05
 4.9493843E-01  5.9455488E+05
 5.0297469E-01  5.9378738E+05
 5.1101094E-01  5.9348012E+05
 5.1904726E-01  5.9517931E+05
 5.2708352E-01  5.9695094E+05
 5.3511977E-01  5.9629994E+05
 5.4315603E-01  5.9000288E+05
 5.5119228E-01  5.9141312E+05
 5.5922860E-01  5.9443338E+05
 5.6726485E-01  5.9523812E+05
 5.7530111E-01  5.9435300E+05
 5.8333737E-01  5.9221025E+05
 5.9137362E-01  5.9184194E+05
 5.9940994E-01  5.9126081E+05
 6.0744619E-01  5.9223250E+05
 6.1548245E-01  5.9261762E+05
 6.2351871E-01  5.9265256E+05
 6.3155502E-01  5.9668644E+05
 6.3959128E-01  5.9171100E+05
 6.4762753E-01  5.8828206E+05
 6.5566379E-01  5.8859044E+05
 6.6370010E-01  5.9171962E+05
 6.7173636E-01  5.8684225E+05
 6.7977262E-01  5.9033569E+05
 6.8780887E-01  5.9222450E+05
 6.9584513E-01  5.9186275E+05
 7.0388144E-01  5.8507581E+05
 7.1191770E-01  5.8475888E+05
 7.1995395E-01  5.8523538E+05
 7.2799021E-01  5.8413119E+05
 7.3602647E-01  5.8906056E+05
 7.4406278E-01  5.9225325E+05
 7.5209904E-01  5.9114600E+05
 7.6013529E-01  5.9092194E+05
 7.6817155E-01  5.9072550E+05
 7.7620780E-01  5.8668725E+05
 7.8424412E-01  5.9104300E+05
 7.9228038E-01  5.8528900E+05
 8.0031663E-01  5.8932012E+05
 8.0835289E-01  5.8952406E+05
 8.1638914E-01  5.9008944E+05
 8.2442546E-01  5.9007581E+05
 8.3246171E-01  5.8383875E+05
 8.4049797E-01  5.8354819E+05
 8.4853423E-01  5.8366475E+05
 8.5657048E-01  5.8769194E+05
 8.6460680E-01  5.9048850E+05
 8.7264305E-01  5.8870056E+05
 8.8067931E-01  5.8734294E+05
 8.8871557E-01  5.9013350E+05
 8.9675182E-01  5.8834938E+05
 9.0478814E-01  5.8637494E+05
 9.1282439E-01  5.9164988E+05
 9.2086065E-01  5.9376819E+05
 9.2889690E-01  5.9013294E+05
 9.3693316E-01  5.8835050E+05
 9.4496948E-01  5.8904219E+05
 9.5300573E-01  5.9140931E+05
 9.6104199E-01  5.8867444E+05
 9.6907824E-01  5.8845125E+05
 9.7711450E-01  5.8577869E+05
 9.8515081E-01  5.8893525E+05
 9.9318707E-01  5.9348762E+05
 1.0012233E+00  5.9134394E+05
 1.0092596E+00  5.9010881E+05
 1.0172958E+00  5.8722212E+05
 1.0253321E+00  5.8939569E+05
 1.0333683E+00  5.9422050E+05
 1.0414046E+00  5.8598162E+05
 1.0494409E+00  5.8636619E+05
 1.0574771E+00  5.8927288E+05
 1.0655135E+00  5.9308575E+05
 1.0735497E+00  5.8941606E+05
 1.0815860E+00  5.8204406E+05
 1.0896223E+00  5.8296888E+05
 1.0976585E+00  5.8718325E+05
 1.1056948E+00  5.8769681E+05
 1.1137310E+00  5.8443662E+05
 1.1217673E+00  5.8565469E+05
 1.1298035E+00  5.8588750E+05
 1.1378398E+00  5.8415194E+05
 1.1458760E+00  5.8604569E+05
 1.1539123E+00  5.8356438E+05
 1.1619487E+00  5.8730238E+05
 1.1699849E+00  5.8683075E+05
 1.1780212E+00  5.8546056E+05
 1.1860574E+00  5.8291706E+05
 1.1940937E+00  5.8850956E+05
 1.2021300E+00  5.8542712E+05
 1.2101662E+00  5.8506444E+05
 1.2182025E+00  5.8451681E+05
 1.2262387E+00  5.8378081E+05
 1.2342750E+00  5.8785631E+05
 1.2423114E+00  5.8732575E+05
 1.2503476E+00  5.8227700E+05
 1.2583839E+00  5.8250056E+05
 1.2664201E+00  5.8775438E+05
 1.2744564E+00  5.8888781E+05
 1.2824926E+00  5.8837788E+05
 1.2905289E+00  5.8884569E+05
 1.2985651E+00  5.8706488E+05
 1.3066014E+00  5.8837050E+05
 1.3146377E+00  5.8731344E+05
 1.3226740E+00  5.8535881E+05
 1.3307103E+00  5.8257088E+05
 1.3387465E+00  5.8162150E+05
 1.3467828E+00  5.8413562E+05
 1.3548191E+00  5.8313612E+05
 1.3628553E+00  5.8325600E+05
 1.3708916E+00  5.8474100E+05
 1.3789278E+00  5.8654869E+05
 1.3869641E+00  5.8453806E+05
 1.3950003E+00  5.8521600E+05
 1.4030367E+00  5.8356262E+05
 1.4110730E+00  5.7894800E+05
 1.4191092E+00  5.8656394E+05
 1.4271455E+00  5.8877212E+05
 1.4351817E+00  5.8653631E+05
 1.4432180E+00  5.9074469E+05
 1.4512542E+00  5.8993431E+05
 1.4592905E+00  5.8612788E+05
 1.4673268E+00  5.8409419E+05
 1.4753631E+00  5.8486050E+05
 1.4833994E+00  5.8580231E+05
 1.4914356E+00  5.8753875E+05
 1.4994719E+00  5.8698550E+05
 1.5075082E+00  5.8814712E+05
 1.5155444E+00  5.8729362E+05
 1.5235807E+00  5.8877888E+05
 1.5316169E+00  5.8404644E+05
 1.5396532E+00  5.8423762E+05
 1.5476894E+00  5.8347912E+05
 1.5557258E+00  5.8321706E+05
 1.5637621E+00  5.8091931E+05
 1.5717983E+00  5.8349756E+05
 1.5798346E+00  5.8357756E+05
 1.5878708E+00  5.8599088E+05
 1.5959071E+00  5.8245781E+05
 1.6039433E+00  5.8141031E+05
 1.6119796E+00  5.8253181E+05
 1.6200159E+00  5.8736156E+05
 1.6280521E+00  5.8464462E+05
 1.6360885E+00  5.8123794E+05
 1.6441247E+00  5.8038050E+05
 1.6521610E+00  5.7941662E+05
 1.6601973E+00  5.8001506E+05
 1.6682335E+00  5.8101919E+05
 1.6762698E+00  5.8157369E+05
 1.6843060E+00  5.7817594E+05
 1.6923423E+00  5.8034762E+05
 1.7003785E+00  5.8153081E+05
 1.7084148E+00  5.7950212E+05
 1.7164512E+00  5.8205356E+05
 1.7244874E+00  5.8156631E+05
 1.7325237E+00  5.8308619E+05
 1.7405599E+00  5.8066944E+05
 1.7485962E+00  5.8215650E+05
 1.7566324E+00  5.8130881E+05
 1.7646687E+00  5.8080056E+05
 1.7727050E+00  5.8109644E+05
 1.7807412E+00  5.8137619E+05
 1.7887775E+00  5.7808506E+05
 1.7968138E+00  5.8031694E+05
 1.8048501E+00  5.7769294E+05
 1.8128864E+00  5.7742462E+05
 1.8209226E+00  5.7896150E+05
 1.8289589E+00  5.7966888E+05
 1.8369951E+00  5.7700619E+05
 1.8450314E+00  5.7532088E+05
 1.8530676E+00  5.7688356E+05
 1.8611039E+00  5.7806125E+05
 1.8691401E+00  5.7902212E+05
 1.8771765E+00  5.7876294E+05
 1.8852128E+00  5.7891219E+05
 1.8932490E+00  5.7979838E+05
 1.9012853E+00  5.7786438E+05
 1.9093215E+00  5.7895425E+05
 1.9173578E+00  5.7596156E+05
 1.9253941E+00  5.8229031E+05
 1.9334303E+00  5.8043088E+05
 1.9414666E+00  5.8578056E+05
 1.9495029E+00  5.7850319E+05
 1.9575392E+00  5.7797506E+05
 1.9655755E+00  5.8010312E+05
 1.9736117E+00  5.8078156E+05
 1.9816480E+00  5.8190131E+05
 1.9896842E+00  5.8344719E+05
 1.9977205E+00  5.8587012E+05
 2.0057569E+00  5.8457188E+05
 2.0137930E+00  5.8315712E+05
 2.0218294E+00  5.8169906E+05
 2.0298657E+00  5.8074919E+05
 2.0379019E+00  5.8488988E+05
 2.0459383E+00  5.8440319E+05
 2.0539744E+00  5.8228175E+05
 2.0620108E+00  5.8270488E+05
 2.0700469E+00  5.8382506E+05
 2.0780833E+00  5.8481138E+05
 2.0861194E+00  5.8618100E+05
 2.0941558E+00  5.8083525E+05
 2.1021919E+00  5.8210888E+05
 2.1102283E+00  5.8065188E+05
 2.1182647E+00  5.8251500E+05
 2.1263008E+00  5.8407719E+05
 2.1343369E+00  5.8419856E+05
 2.1423733E+00  5.8075812E+05
 2.1504097E+00  5.8265519E+05
 2.1584458E+00  5.8085231E+05
 2.1664822E+00  5.8154788E+05
 2.1745183E+00  5.8445969E+05
 2.1825547E+00  5.8477306E+05
 2.1905909E+00  5.8790712E+05
 2.1986272E+00  5.8218275E+05
 2.2066634E+00  5.8529800E+05
 2.2146997E+00  5.8384756E+05
 2.2227359E+00  5.8594962E+05
 2.2307723E+00  5.8971900E+05
 2.2388086E+00  5.8708400E+05
 2.2468448E+00  5.8457294E+05
 2.2548811E+00  5.8378394E+05
 2.2629173E+00  5.8571356E+05
 2.2709537E+00  5.8330806E+05
 2.2789898E+00  5.8389431E+05
 2.2870262E+00  5.7871738E+05
 2.2950623E+00  5.7815381E+05
 2.3030987E+00  5.8584488E+05
 2.3111351E+00  5.8034806E+05
 2.3191712E+00  5.8038356E+05
 2.3272076E+00  5.8239494E+05
 2.3352437E+00  5.8051206E+05
 2.3432801E+00  5.7981669E+05
 2.3513162E+00  5.7917400E+05
 2.3593526E+00  5.8443562E+05
 2.3673887E+00  5.8389856E+05
 2.3754251E+00  5.8550488E+05
 2.3834612E+00  5.8131375E+05
 2.3914976E+00  5.8117231E+05
 2.3995340E+00  5.8229100E+05
 2.4075701E+00  5.8113356E+05
 2.4156065E+00  5.8173656E+05
 2.4236426E+00  5.8356950E+05
 2.4316790E+00  5.8092056E+05
 2.4397151E+00  5.8106912E+05
 2.4477515E+00  5.7962481E+05
 2.4557877E+00  5.7983862E+05
 2.4638240E+00  5.7927469E+05
 2.4718604E+00  5.7993762E+05
 2.4798965E+00  5.7977819E+05
 2.4879329E+00  5.8058400E+05
 2.4959691E+00  5.8058269E+05
 2.5040054E+00  5.7847712E+05
 2.5120416E+00  5.8079431E+05
 2.5200779E+00  5.7833806E+05
 2.5281141E+00  5.8140506E+05
 2.5361505E+00  5.8015906E+05
 2.5441868E+00  5.7819919E+05
 2.5522230E+00  5.8162912E+05
 2.5602593E+00  5.8137956E+05
 2.5682955E+00  5.8205888E+05
 2.5763319E+00  5.7870894E+05
 2.5843680E+00  5.7637744E+05
 2.5924044E+00  5.7624812E+05
 2.6004405E+00  5.7818438E+05
 2.6084769E+00  5.7963575E+05
 2.6165130E+00  5.7509612E+05
 2.6245494E+00  5.7626750E+05
 2.6325858E+00  5.7452794E+05
 2.6406219E+00  5.7902062E+05
 2.6486583E+00  5.8117569E+05
 2.6566944E+00  5.7661262E+05
 2.6647308E+00  5.7614900E+05
 2.6727669E+00  5.7543700E+05
 2.6808033E+00  5.7105925E+05
 2.6888394E+00  5.7353225E+05
 2.6968758E+00  5.7748769E+05
 2.7049122E+00  5.7751012E+05
 2.7129483E+00  5.7512125E+05
 2.7209847E+00  5.7883825E+05
 2.7290208E+00  5.7991612E+05
 2.7370572E+00  5.7646212E+05
 2.7450933E+00  5.7452644E+05
 2.7531297E+00  5.7521806E+05
 2.7611659E+00  5.7452625E+05
 2.7692022E+00  5.7932788E+05
 2.7772384E+00  5.7815788E+05
 2.7852747E+00  5.7927700E+05
 2.7933111E+00  5.7806112E+05
 2.8013473E+00  5.7870662E+05
 2.8093836E+00  5.7591962E+05
 2.8174198E+00  5.7809988E+05
 2.8254561E+00  5.7878844E+05
 2.8334923E+00  5.7478862E+05
 2.8415287E+00  5.7237738E+05
 2.8495648E+00  5.7372550E+05
 2.8576012E+00  5.7715906E+05
 2.8656375E+00  5.7659538E+05
 2.8736737E+00  5.7559431E+05
 2.8817101E+00  5.7509194E+05
 2.8897462E+00  5.7892181E+05
 2.8977826E+00  5.7881806E+05
 2.9058187E+00  5.7911012E+05
 2.9138551E+00  5.7410700E+05
 2.9218912E+00  5.7714706E+05
 2.9299276E+00  5.7606175E+05
 2.9379637E+00  5.7758462E+05
 2.9460001E+00  5.7875200E+05
 2.9540365E+00  5.7360506E+05
 2.9620726E+00  5.7273881E+05
 2.9701090E+00  5.7898688E+05
 2.9781451E+00  5.8107481E+05
 2.9861815E+00  5.8169994E+05
 2.9942176E+00  5.7838219E+05
 3.0022540E+00  5.7734300E+05
 3.0102901E+00  5.7966906E+05
 3.0183265E+00  5.7544300E+05
 3.0263629E+00  5.7474856E+05
 3.0343990E+00  5.7292544E+05
 3.0424354E+00  5.7685506E+05
 3.0504715E+00  5.7843412E+05
 3.0585079E+00  5.7572069E+05
 3.0665441E+00  5.7524338E+05
 3.0745804E+00  5.7650244E+05
 3.0826166E+00  5.7432312E+05
 3.0906529E+00  5.7159388E+05
 3.0986893E+00  5.7266131E+05
 3.1067255E+00  5.7808362E+05
 3.1147618E+00  5.7716262E+05
 3.1227980E+00  5.7262475E+05
 3.1308343E+00  5.7699831E+05
 3.1388705E+00  5.7519388E+05
 3.1469069E+00  5.7799106E+05
 3.1549430E+00  5.7725275E+05
 3.1629794E+00  5.7916500E+05
 3.1710155E+00  5.7156688E+05
 3.1790519E+00  5.6920738E+05
 3.1870883E+00  5.6587819E+05
 3.1951244E+00  5.6893562E+05
 3.2031608E+00  5.6975494E+05
 3.2111969E+00  5.6760112E+05
 3.2192333E+00  5.7041331E+05
 3.2272694E+00  5.7196944E+05
 3.2353058E+00  5.6957525E+05
 3.2433419E+00  5.6799250E+05
 3.2513783E+00  5.6911088E+05
 3.2594147E+00  5.6665462E+05
 3.2674508E+00  5.6578206E+05
 3.2754872E+00  5.6804406E+05
 3.2835233E+00  5.6689438E+05
 3.2915597E+00  5.6785362E+05
 3.2995958E+00  5.6761356E+05
 3.3076322E+00  5.6410119E+05
 3.3156683E+00  5.6913575E+05
 3.3237047E+00  5.6743469E+05
 3.3317409E+00  5.6452856E+05
 3.3397772E+00  5.6486244E+05
 3.3478136E+00  5.6603400E+05
 3.3558497E+00  5.6563431E+05
 3.3638861E+00  5.6252825E+05
 3.3719223E+00  5.5987256E+05
 3.3799586E+00  5.6342481E+05
 3.3879948E+00  5.6497338E+05
 3.3960311E+00  5.6628656E+05
 3.4040673E+00  5.6441106E+05
 3.4121037E+00  5.6203350E+05
 3.4201400E+00  5.6066738E+05
 3.4281762E+00  5.5903088E+05
 3.4362125E+00  5.6199531E+05
 3.4442487E+00  5.5961781E+05
 3.4522851E+00  5.6550850E+05
 3.4603212E+00  5.6463231E+05
 3.4683576E+00  5.6498369E+05
 3.4763937E+00  5.6337650E+05
 3.4844301E+00  5.6169750E+05
 3.4924664E+00  5.6466206E+05
 3.5005026E+00  5.6468950E+05
 3.5085390E+00  5.6230812E+05
 3.5165751E+00  5.5972688E+05
 3.5246115E+00  5.6164050E+05
 3.5326476E+00  5.6077388E+05
 3.5406840E+00  5.5800094E+05
 3.5487201E+00  5.5987894E+05
 3.5567565E+00  5.6161256E+05
 3.5647926E+00  5.6068244E+05
 3.5728290E+00  5.6282506E+05
 3.5808654E+00  5.6274600E+05
 3.5889015E+00  5.6406956E+05
 3.5969379E+00  5.5814944E+05
 3.6049740E+00  5.5926988E+05
 3.6130104E+00  5.6040519E+05
 3.6210465E+00  5.6056869E+05
 3.6290829E+00  5.5771062E+05
 3.6371191E+00  5.6125588E+05
 3.6451554E+00  5.6155562E+05
 3.6531918E+00  5.6005281E+05
 3.6612279E+00  5.6045525E+05
 3.6692643E+00  5.6178550E+05
 3.6773005E+00  5.6611412E+05
 3.6853368E+00  5.6172200E+05
 3.6933730E+00  5.5865081E+05
 3.7014093E+00  5.6049612E+05
 3.7094455E+00  5.5905988E+05
 3.7174819E+00  5.6123238E+05
 3.7255180E+00  5.5948206E+05
 3.7335544E+00  5.6156162E+05
 3.7415907E+00  5.5838175E+05
 3.7496269E+00  5.5847138E+05
 3.7576632E+00  5.5702894E+05
 3.7656994E+00  5.6159031E+05
 3.7737358E+00  5.6055281E+05
 3.7817719E+00  5.5638562E+05
 3.7898083E+00  5.5742788E+05
 3.7978444E+00  5.5615956E+05
 3.8058808E+00  5.5772250E+05
 3.8139172E+00  5.6004925E+05
 3.8219533E+00  5.6130788E+05
 3.8299897E+00  5.5807431E+05
 3.8380258E+00  5.6066125E+05
 3.8460622E+00  5.6219731E+05
 3.8540983E+00  5.5806300E+05
 3.8621347E+00  5.5673112E+05
 3.8701708E+00  5.6148844E+05
 3.8782072E+00  5.5936944E+05
 3.8862433E+00  5.5914981E+05
 3.8942797E+00  5.5563106E+05
 3.9023161E+00  5.5654800E+05
 3.9103522E+00  5.5743506E+05
 3.9183886E+00  5.5650419E+05
 3.9264247E+00  5.6140469E+05
 3.9344611E+00  5.5669356E+05
 3.9424973E+00  5.5790900E+05
 3.9505336E+00  5.5949912E+05
 3.9585698E+00  5.5712531E+05
 3.9666061E+00  5.5870594E+05
 3.9746425E+00  5.5620281E+05
 3.9826787E+00  5.6038438E+05
 3.9907150E+00  5.5714512E+05
 3.9987512E+00  5.5738000E+05
 4.0067878E+00  5.5609375E+05
 4.0148239E+00  5.5749419E+05
 4.0228601E+00  5.5619094E+05
 4.0308962E+00  5.5554950E+05
 4.0389328E+00  5.5551838E+05
 4.0469689E+00  5.5715362E+05
 4.0550051E+00  5.5632975E+05
 4.0630417E+00  5.5797038E+05
 4.0710778E+00  5.5428769E+05
 4.0791140E+00  5.4900131E+05
 4.0871501E+00  5.5245388E+05
 4.0951867E+00  5.5502338E+05
 4.1032228E+00  5.5489369E+05
 4.1112590E+00  5.5630956E+05
 4.1192951E+00  5.5661412E+05
 4.1273317E+00  5.5524844E+05
 4.1353679E+00  5.5724712E+05
 4.1434040E+00  5.5500225E+05
 4.1514401E+00  5.5436512E+05
 4.1594768E+00  5.5490506E+05
 4.1675129E+00  5.5972650E+05
 4.1755490E+00  5.5673562E+05
 4.1835852E+00  5.5669100E+05
 4.1916218E+00  5.5488675E+05
 4.1996579E+00  5.5408912E+05
 4.2076941E+00  5.5700412E+05
 4.2157307E+00  5.5562200E+05
 4.2237668E+00  5.5549381E+05
 4.2318029E+00  5.5338975E+05
 4.2398391E+00  5.5205469E+05
 4.2478757E+00  5.5420350E+05
 4.2559118E+00  5.5430225E+05
 4.2639480E+00  5.4955769E+05
 4.2719841E+00  5.5484612E+05
 4.2800207E+00  5.5532831E+05
 4.2880569E+00  5.5486931E+05
 4.2960930E+00  5.5431956E+05
 4.3041296E+00  5.5321656E+05
 4.3121657E+00  5.5347319E+05
 4.3202019E+00  5.5671562E+05
 4.3282380E+00  5.5472044E+05
 4.3362746E+00  5.5157325E+05
 4.3443108E+00  5.5680431E+05
 4.3523469E+00  5.5622712E+05
 4.3603830E+00  5.5234531E+05
 4.3684196E+00  5.5056400E+05
 4.3764558E+00  5.5617831E+05
 4.3844919E+00  5.5772019E+05
 4.3925285E+00  5.5824756E+05
 4.4005647E+00  5.5213888E+05
 4.4086008E+00  5.5142556E+05
 4.4166369E+00  5.5178606E+05
 4.4246736E+00  5.5294750E+05
 4.4327097E+00  5.5603319E+05
 4.4407458E+00  5.5240181E+05
 4.4487824E+00  5.5452494E+05
 4.4568186E+00  5.5238788E+05
 4.4648547E+00  5.5209031E+05
 4.4728909E+00  5.5490731E+05
 4.4809275E+00  5.5451962E+05
 4.4889636E+00  5.5251419E+05
 4.4969997E+00  5.5206031E+05
 4.5050359E+00  5.5527844E+05
 4.5130725E+00  5.5633756E+05
 4.5211086E+00  5.5477931E+05
 4.5291448E+00  5.5699888E+05
 4.5371814E+00  5.5843819E+05
 4.5452175E+00  5.5418312E+05
 4.5532537E+00  5.5120344E+05
 4.5612898E+00  5.5385925E+05
 4.5693264E+00  5.5561075E+05
 4.5773625E+00  5.5127444E+05
 4.5853987E+00  5.5201919E+05
 4.5934348E+00  5.5344975E+05
 4.6014714E+00  5.5185575E+05
 4.6095076E+00  5.5020469E+05
 4.6175437E+00  5.5413062E+05
 4.6255803E+00  5.5541706E+05
 4.6336164E+00  5.4973219E+05
 4.6416526E+00  5.5458450E+05
 4.6496887E+00  5.5190206E+05
 4.6577253E+00  5.5027819E+05
 4.6657615E+00  5.5253419E+05
 4.6737976E+00  5.5513706E+05
 4.6818342E+00  5.6286931E+05
 4.6898704E+00  5.5854650E+05
 4.6979065E+00  5.5739850E+05
 4.7059426E+00  5.6015000E+05
 4.7139792E+00  5.5634600E+05
 4.7220154E+00  5.5234500E+05
 4.7300515E+00  5.5701662E+05
 4.7380877E+00  5.5762894E+05
 4.7461243E+00  5.5701238E+05
 4.7541604E+00  5.5833888E+05
 4.7621965E+00  5.5689881E+05
 4.7702332E+00  5.5726600E+05
 4.7782693E+00  5.4891925E+05
 4.7863054E+00  5.4934150E+05
 4.7943416E+00  5.4872769E+05
 4.8023782E+00  5.5071250E+05
 4.8104143E+00  5.4934444E+05
 4.8184505E+00  5.5548112E+05
 4.8264866E+00  5.5343281E+05
 4.8345232E+00  5.5113831E+05
 4.8425593E+00  5.5232081E+05
 4.8505955E+00  5.5628588E+05
 4.8586321E+00  5.5629188E+05
 4.8666682E+00  5.5755031E+05
 4.8747044E+00  5.5250969E+05
 4.8827405E+00  5.5857706E+05
 4.8907771E+00  5.5821644E+05
 4.8988132E+00  5.5730412E+05
 4.9068494E+00  5.5706006E+05
 4.9148855E+00  5.5523194E+05
 4.9229221E+00  5.6040694E+05
 4.9309583E+00  5.5633400E+05
 4.9389944E+00  5.5075969E+05
 4.9470310E+00  5.4686925E+05
 4.9550672E+00  5.5160369E+05
 4.9631033E+00  5.5792131E+05
 4.9711394E+00  5.5338869E+05
 4.9791760E+00  5.4983144E+05
 4.9872122E+00  5.5750200E+05
 4.9952483E+00  5.6197219E+05
 5.0032849E+00  5.6530875E+05
 5.0113211E+00  5.6527731E+05
 5.0193572E+00  5.6767656E+05
