 1.3330637E-01  1.0481224E+06
 1.4134264E-01  9.6571206E+05
 1.4937891E-01  1.0160354E+06
 1.5741518E-01  9.2525175E+05
 1.6545145E-01  8.2874762E+05
 1.7348772E-01  7.8379531E+05
 1.8152398E-01  7.5431756E+05
 1.8956025E-01  7.2341256E+05
 1.9759652E-01  6.9962606E+05
 2.0563278E-01  6.8307112E+05
 2.1366906E-01  6.6480175E+05
 2.2170532E-01  6.5492500E+05
 2.2974159E-01  6.4544781E+05
 2.3777786E-01  6.4224188E+05
 2.4581413E-01  6.2706481E+05
 2.5385040E-01  6.3184331E+05
 2.6188666E-01  6.2717594E+05
 2.6992291E-01  6.2276625E+05
 2.7795920E-01  6.1793519E+05
 2.8599548E-01  6.1604362E+05
 2.9403174E-01  6.1230631E+05
 3.0206800E-01  6.0528712E+05
 3.1010425E-01  6.0900262E+05
 3.1814054E-01  6.0295700E+05
 3.2617682E-01  6.0290656E+05
 3.3421308E-01  6.0576200E+05
 3.4224933E-01  6.0768494E+05
 3.5028559E-01  6.0260981E+05
 3.5832188E-01  5.9706400E+05
 3.6635816E-01  6.0028344E+05
 3.7439442E-01  5.9955150E+05
 3.8243067E-01  6.0210569E+05
 3.9046693E-01  6.0172938E+05
 3.9850324E-01  5.9720756E+05
 4.0653950E-01  5.9790006E+05
 4.1457576E-01  5.9200112E+05
 4.2261201E-01  5.9628775E+05
 4.3064827E-01  5.9910712E+05
 4.3868458E-01  6.0299262E+05
 4.4672084E-01  6.0259350E+05
 4.5475709E-01  6.0223962E+05
 4.6279335E-01  6.0340488E+05
 4.7082961E-01  6.0580831E+05
 4.7886592E-01  6.0177231E+05
 4.8690218E-01  5.9411556E+05
 4.9493843E-01  5.9567012E+05
 5.0297469E-01  5.9991894E+05
 5.1101094E-01  5.9088219E+05
 5.1904726E-01  5.9813281E+05
 5.2708352E-01  5.9447150E+05
 5.3511977E-01  5.9073638E+05
 5.4315603E-01  5.9701631E+05
 5.5119228E-01  5.9778431E+05
 5.5922860E-01  6.0030956E+05
 5.6726485E-01  5.9634375E+05
 5.7530111E-01  5.8543681E+05
 5.8333737E-01  5.9409281E+05
 5.9137362E-01  5.9778269E+05
 5.9940994E-01  5.8748394E+05
 6.0744619E-01  5.8628738E+05
 6.1548245E-01  5.8340819E+05
 6.2351871E-01  5.8930425E+05
 6.3155502E-01  5.9568238E+05
 6.3959128E-01  5.9766362E+05
 6.4762753E-01  5.9310762E+05
 6.5566379E-01  5.8379269E+05
 6.6370010E-01  5.8873838E+05
 6.7173636E-01  5.9237988E+05
 6.7977262E-01  5.8490662E+05
 6.8780887E-01  5.8709262E+05
 6.9584513E-01  5.8877606E+05
 7.0388144E-01  5.8572675E+05
 7.1191770E-01  5.9361050E+05
 7.1995395E-01  5.8657300E+05
 7.2799021E-01  5.8477925E+05
 7.3602647E-01  5.8364988E+05
 7.4406278E-01  5.9079862E+05
 7.5209904E-01  5.9568431E+05
 7.6013529E-01  5.9266662E+05
 7.6817155E-01  5.8803906E+05
 7.7620780E-01  5.9207062E+05
 7.8424412E-01  5.8653075E+05
 7.9228038E-01  5.8374769E+05
 8.0031663E-01  5.9021125E+05
 8.0835289E-01  5.8516162E+05
 8.1638914E-01  5.8575456E+05
 8.2442546E-01  5.9038381E+05
 8.3246171E-01  5.8670075E+05
 8.4049797E-01  5.9194569E+05
 8.4853423E-01  5.9262231E+05
 8.5657048E-01  5.9164188E+05
 8.6460680E-01  5.8885981E+05
 8.7264305E-01  5.9091850E+05
 8.8067931E-01  5.8885800E+05
 8.8871557E-01  5.8363938E+05
 8.9675182E-01  5.8511169E+05
 9.0478814E-01  5.8680156E+05
 9.1282439E-01  5.8866081E+05
 9.2086065E-01  5.7995094E+05
 9.2889690E-01  5.8624294E+05
 9.3693316E-01  5.8729700E+05
 9.4496948E-01  5.8932700E+05
 9.5300573E-01  5.8779481E+05
 9.6104199E-01  5.8856294E+05
 9.6907824E-01  5.8414906E+05
 9.7711450E-01  5.9329169E+05
 9.8515081E-01  5.9034562E+05
 9.9318707E-01  5.9180319E+05
 1.0012233E+00  5.9119675E+05
 1.0092596E+00  5.8693600E+05
 1.0172958E+00  5.8435069E+05
 1.0253321E+00  5.9266175E+05
 1.0333683E+00  5.8923912E+05
 1.0414046E+00  5.9144594E+05
 1.0494409E+00  5.9387506E+05
 1.0574771E+00  5.8715300E+05
 1.0655135E+00  5.8776406E+05
 1.0735497E+00  5.8383350E+05
 1.0815860E+00  5.8740694E+05
 1.0896223E+00  5.8246369E+05
 1.0976585E+00  5.8271675E+05
 1.1056948E+00  5.8592425E+05
 1.1137310E+00  5.8753375E+05
 1.1217673E+00  5.8515919E+05
 1.1298035E+00  5.8841194E+05
 1.1378398E+00  5.9222706E+05
 1.1458760E+00  5.8543325E+05
 1.1539123E+00  5.8663750E+05
 1.1619487E+00  5.8487100E+05
 1.1699849E+00  5.8651262E+05
 1.1780212E+00  5.8588681E+05
 1.1860574E+00  5.8598112E+05
 1.1940937E+00  5.8751812E+05
 1.2021300E+00  5.8467331E+05
 1.2101662E+00  5.8619075E+05
 1.2182025E+00  5.9048288E+05
 1.2262387E+00  5.8399150E+05
 1.2342750E+00  5.8244225E+05
 1.2423114E+00  5.8702988E+05
 1.2503476E+00  5.8370331E+05
 1.2583839E+00  5.8299862E+05
 1.2664201E+00  5.8462362E+05
 1.2744564E+00  5.8446669E+05
 1.2824926E+00  5.8423675E+05
 1.2905289E+00  5.8471819E+05
 1.2985651E+00  5.8337569E+05
 1.3066014E+00  5.8583131E+05
 1.3146377E+00  5.8575894E+05
 1.3226740E+00  5.8713806E+05
 1.3307103E+00  5.8831488E+05
 1.3387465E+00  5.8437300E+05
 1.3467828E+00  5.8597900E+05
 1.3548191E+00  5.8598950E+05
 1.3628553E+00  5.8270119E+05
 1.3708916E+00  5.8044112E+05
 1.3789278E+00  5.8386712E+05
 1.3869641E+00  5.8119656E+05
 1.3950003E+00  5.7998669E+05
 1.4030367E+00  5.8322544E+05
 1.4110730E+00  5.8104131E+05
 1.4191092E+00  5.8530656E+05
 1.4271455E+00  5.8054269E+05
 1.4351817E+00  5.8466469E+05
 1.4432180E+00  5.8460456E+05
 1.4512542E+00  5.8589419E+05
 1.4592905E+00  5.8905231E+05
 1.4673268E+00  5.8124050E+05
 1.4753631E+00  5.8108638E+05
 1.4833994E+00  5.8338938E+05
 1.4914356E+00  5.8403469E+05
 1.4994719E+00  5.8616469E+05
 1.5075082E+00  5.8215488E+05
 1.5155444E+00  5.7988344E+05
 1.5235807E+00  5.8267100E+05
 1.5316169E+00  5.8731694E+05
 1.5396532E+00  5.8158838E+05
 1.5476894E+00  5.8237044E+05
 1.5557258E+00  5.8660150E+05
 1.5637621E+00  5.8420306E+05
 1.5717983E+00  5.7989725E+05
 1.5798346E+00  5.8034844E+05
 1.5878708E+00  5.8560612E+05
 1.5959071E+00  5.8591862E+05
 1.6039433E+00  5.8664581E+05
 1.6119796E+00  5.8646025E+05
 1.6200159E+00  5.8656694E+05
 1.6280521E+00  5.8485806E+05
 1.6360885E+00  5.8175988E+05
 1.6441247E+00  5.8489988E+05
 1.6521610E+00  5.8066506E+05
 1.6601973E+00  5.8643112E+05
 1.6682335E+00  5.8071594E+05
 1.6762698E+00  5.7865038E+05
 1.6843060E+00  5.7900462E+05
 1.6923423E+00  5.7765925E+05
 1.7003785E+00  5.7873481E+05
 1.7084148E+00  5.7747844E+05
 1.7164512E+00  5.8395575E+05
 1.7244874E+00  5.8303588E+05
 1.7325237E+00  5.8377062E+05
 1.7405599E+00  5.7797038E+05
 1.7485962E+00  5.7987294E+05
 1.7566324E+00  5.8108450E+05
 1.7646687E+00  5.7817344E+05
 1.7727050E+00  5.7798250E+05
 1.7807412E+00  5.8191881E+05
 1.7887775E+00  5.8064175E+05
 1.7968138E+00  5.8068319E+05
 1.8048501E+00  5.8003181E+05
 1.8128864E+00  5.8443575E+05
 1.8209226E+00  5.8139812E+05
 1.8289589E+00  5.8059106E+05
 1.8369951E+00  5.7988094E+05
 1.8450314E+00  5.7700956E+05
 1.8530676E+00  5.7781669E+05
 1.8611039E+00  5.8117206E+05
 1.8691401E+00  5.8143200E+05
 1.8771765E+00  5.7456394E+05
 1.8852128E+00  5.7941000E+05
 1.8932490E+00  5.8048338E+05
 1.9012853E+00  5.7946169E+05
 1.9093215E+00  5.7854000E+05
 1.9173578E+00  5.7598000E+05
 1.9253941E+00  5.7910081E+05
 1.9334303E+00  5.8514062E+05
 1.9414666E+00  5.8232762E+05
 1.9495029E+00  5.8385794E+05
 1.9575392E+00  5.7913556E+05
 1.9655755E+00  5.8138625E+05
 1.9736117E+00  5.8323075E+05
 1.9816480E+00  5.7732144E+05
 1.9896842E+00  5.7935456E+05
 1.9977205E+00  5.8878250E+05
 2.0057569E+00  5.8613362E+05
 2.0137930E+00  5.8701600E+05
 2.0218294E+00  5.8393050E+05
 2.0298657E+00  5.8035962E+05
 2.0379019E+00  5.8413912E+05
 2.0459383E+00  5.8506462E+05
 2.0539744E+00  5.8675638E+05
 2.0620108E+00  5.8031094E+05
 2.0700469E+00  5.8320144E+05
 2.0780833E+00  5.7925275E+05
 2.0861194E+00  5.8453462E+05
 2.0941558E+00  5.8588175E+05
 2.1021919E+00  5.8542606E+05
 2.1102283E+00  5.8221650E+05
 2.1182647E+00  5.8561100E+05
 2.1263008E+00  5.8512438E+05
 2.1343369E+00  5.8574338E+05
 2.1423733E+00  5.8340488E+05
 2.1504097E+00  5.8241825E+05
 2.1584458E+00  5.8162388E+05
 2.1664822E+00  5.8159619E+05
 2.1745183E+00  5.8374481E+05
 2.1825547E+00  5.8478781E+05
 2.1905909E+00  5.8257400E+05
 2.1986272E+00  5.8087281E+05
 2.2066634E+00  5.8399269E+05
 2.2146997E+00  5.8516850E+05
 2.2227359E+00  5.8873631E+05
 2.2307723E+00  5.8505200E+05
 2.2388086E+00  5.8428219E+05
 2.2468448E+00  5.8248206E+05
 2.2548811E+00  5.8027225E+05
 2.2629173E+00  5.7975612E+05
 2.2709537E+00  5.7865781E+05
 2.2789898E+00  5.7838256E+05
 2.2870262E+00  5.8339219E+05
 2.2950623E+00  5.8411562E+05
 2.3030987E+00  5.8538794E+05
 2.3111351E+00  5.8300275E+05
 2.3191712E+00  5.8085975E+05
 2.3272076E+00  5.8436938E+05
 2.3352437E+00  5.8168406E+05
 2.3432801E+00  5.8088050E+05
 2.3513162E+00  5.8307169E+05
 2.3593526E+00  5.7883169E+05
 2.3673887E+00  5.8054462E+05
 2.3754251E+00  5.7755231E+05
 2.3834612E+00  5.8092875E+05
 2.3914976E+00  5.7697106E+05
 2.3995340E+00  5.7485125E+05
 2.4075701E+00  5.7746881E+05
 2.4156065E+00  5.8317188E+05
 2.4236426E+00  5.8793812E+05
 2.4316790E+00  5.8226762E+05
 2.4397151E+00  5.8232888E+05
 2.4477515E+00  5.8245000E+05
 2.4557877E+00  5.7930794E+05
 2.4638240E+00  5.7492550E+05
 2.4718604E+00  5.7965556E+05
 2.4798965E+00  5.7719494E+05
 2.4879329E+00  5.7834962E+05
 2.4959691E+00  5.8163719E+05
 2.5040054E+00  5.8133169E+05
 2.5120416E+00  5.7591988E+05
 2.5200779E+00  5.7836362E+05
 2.5281141E+00  5.7970700E+05
 2.5361505E+00  5.7685056E+05
 2.5441868E+00  5.8265619E+05
 2.5522230E+00  5.8736231E+05
 2.5602593E+00  5.7998131E+05
 2.5682955E+00  5.7834531E+05
 2.5763319E+00  5.8081381E+05
 2.5843680E+00  5.8092288E+05
 2.5924044E+00  5.7981675E+05
 2.6004405E+00  5.7876431E+05
 2.6084769E+00  5.7377731E+05
 2.6165130E+00  5.7356469E+05
 2.6245494E+00  5.7652975E+05
 2.6325858E+00  5.7463062E+05
 2.6406219E+00  5.8071700E+05
 2.6486583E+00  5.7957244E+05
 2.6566944E+00  5.8241375E+05
 2.6647308E+00  5.7881119E+05
 2.6727669E+00  5.7540456E+05
 2.6808033E+00  5.7533744E+05
 2.6888394E+00  5.7614938E+05
 2.6968758E+00  5.7791075E+05
 2.7049122E+00  5.7962250E+05
 2.7129483E+00  5.8058588E+05
 2.7209847E+00  5.7345144E+05
 2.7290208E+00  5.7468325E+05
 2.7370572E+00  5.8006069E+05
 2.7450933E+00  5.8118538E+05
 2.7531297E+00  5.7860588E+05
 2.7611659E+00  5.7746669E+05
 2.7692022E+00  5.7982975E+05
 2.7772384E+00  5.7756431E+05
 2.7852747E+00  5.8108800E+05
 2.7933111E+00  5.8168225E+05
 2.8013473E+00  5.7713681E+05
 2.8093836E+00  5.8006238E+05
 2.8174198E+00  5.7900450E+05
 2.8254561E+00  5.7915269E+05
 2.8334923E+00  5.7530581E+05
 2.8415287E+00  5.7608700E+05
 2.8495648E+00  5.7508056E+05
 2.8576012E+00  5.8037306E+05
 2.8656375E+00  5.7813412E+05
 2.8736737E+00  5.7582619E+05
 2.8817101E+00  5.7544900E+05
 2.8897462E+00  5.7460875E+05
 2.8977826E+00  5.7323312E+05
 2.9058187E+00  5.7637950E+05
 2.9138551E+00  5.7721806E+05
 2.9218912E+00  5.7352406E+05
 2.9299276E+00  5.7543056E+05
 2.9379637E+00  5.7779850E+05
 2.9460001E+00  5.7616906E+05
 2.9540365E+00  5.7147562E+05
 2.9620726E+00  5.7339406E+05
 2.9701090E+00  5.7653500E+05
 2.9781451E+00  5.7986975E+05
 2.9861815E+00  5.8675325E+05
 2.9942176E+00  5.7735762E+05
 3.0022540E+00  5.8000619E+05
 3.0102901E+00  5.8006088E+05
 3.0183265E+00  5.7812675E+05
 3.0263629E+00  5.7392888E+05
 3.0343990E+00  5.7168075E+05
 3.0424354E+00  5.7709850E+05
 3.0504715E+00  5.7858381E+05
 3.0585079E+00  5.7399206E+05
 3.0665441E+00  5.7818862E+05
 3.0745804E+00  5.8237688E+05
 3.0826166E+00  5.8186706E+05
 3.0906529E+00  5.8114044E+05
 3.0986893E+00  5.7461606E+05
 3.1067255E+00  5.6651394E+05
 3.1147618E+00  5.7293962E+05
 3.1227980E+00  5.7753981E+05
 3.1308343E+00  5.8535100E+05
 3.1388705E+00  5.8203719E+05
 3.1469069E+00  5.7530194E+05
 3.1549430E+00  5.8118931E+05
 3.1629794E+00  5.7726975E+05
 3.1710155E+00  5.7220369E+05
 3.1790519E+00  5.7478300E+05
 3.1870883E+00  5.6949100E+05
 3.1951244E+00  5.7191475E+05
 3.2031608E+00  5.6803206E+05
 3.2111969E+00  5.7342800E+05
 3.2192333E+00  5.6774962E+05
 3.2272694E+00  5.7226519E+05
 3.2353058E+00  5.7391644E+05
 3.2433419E+00  5.7256412E+05
 3.2513783E+00  5.6770725E+05
 3.2594147E+00  5.6936588E+05
 3.2674508E+00  5.6543631E+05
 3.2754872E+00  5.6864538E+05
 3.2835233E+00  5.7492444E+05
 3.2915597E+00  5.6764131E+05
 3.2995958E+00  5.6660469E+05
 3.3076322E+00  5.6696850E+05
 3.3156683E+00  5.7027462E+05
 3.3237047E+00  5.6970650E+05
 3.3317409E+00  5.6461375E+05
 3.3397772E+00  5.6756300E+05
 3.3478136E+00  5.6768350E+05
 3.3558497E+00  5.6515831E+05
 3.3638861E+00  5.6413650E+05
 3.3719223E+00  5.6668569E+05
 3.3799586E+00  5.6765775E+05
 3.3879948E+00  5.6554194E+05
 3.3960311E+00  5.6765800E+05
 3.4040673E+00  5.6559494E+05
 3.4121037E+00  5.6481112E+05
 3.4201400E+00  5.6474938E+05
 3.4281762E+00  5.6406994E+05
 3.4362125E+00  5.6561812E+05
 3.4442487E+00  5.5981725E+05
 3.4522851E+00  5.5631750E+05
 3.4603212E+00  5.5584319E+05
 3.4683576E+00  5.5842625E+05
 3.4763937E+00  5.6321069E+05
 3.4844301E+00  5.6134825E+05
 3.4924664E+00  5.5922731E+05
 3.5005026E+00  5.6160619E+05
 3.5085390E+00  5.5875825E+05
 3.5165751E+00  5.5818175E+05
 3.5246115E+00  5.5892612E+05
 3.5326476E+00  5.5486038E+05
 3.5406840E+00  5.6181894E+05
 3.5487201E+00  5.5674494E+05
 3.5567565E+00  5.5827188E+05
 3.5647926E+00  5.6230694E+05
 3.5728290E+00  5.6245212E+05
 3.5808654E+00  5.6130625E+05
 3.5889015E+00  5.5790100E+05
 3.5969379E+00  5.5572750E+05
 3.6049740E+00  5.5944131E+05
 3.6130104E+00  5.6402219E+05
 3.6210465E+00  5.6275112E+05
 3.6290829E+00  5.6304356E+05
 3.6371191E+00  5.6216600E+05
 3.6451554E+00  5.5969169E+05
 3.6531918E+00  5.6222331E+05
 3.6612279E+00  5.5998962E+05
 3.6692643E+00  5.5988794E+05
 3.6773005E+00  5.5843331E+05
 3.6853368E+00  5.5850738E+05
 3.6933730E+00  5.5793106E+05
 3.7014093E+00  5.5760644E+05
 3.7094455E+00  5.5555238E+05
 3.7174819E+00  5.5847288E+05
 3.7255180E+00  5.5932400E+05
 3.7335544E+00  5.6099600E+05
 3.7415907E+00  5.5709944E+05
 3.7496269E+00  5.6017412E+05
 3.7576632E+00  5.5347362E+05
 3.7656994E+00  5.5406012E+05
 3.7737358E+00  5.5931475E+05
 3.7817719E+00  5.5986888E+05
 3.7898083E+00  5.5390256E+05
 3.7978444E+00  5.5803894E+05
 3.8058808E+00  5.6029431E+05
 3.8139172E+00  5.6103088E+05
 3.8219533E+00  5.5738412E+05
 3.8299897E+00  5.5184075E+05
 3.8380258E+00  5.6313288E+05
 3.8460622E+00  5.5769919E+05
 3.8540983E+00  5.5209950E+05
 3.8621347E+00  5.5972612E+05
 3.8701708E+00  5.6039388E+05
 3.8782072E+00  5.5474938E+05
 3.8862433E+00  5.5606706E+05
 3.8942797E+00  5.6217000E+05
 3.9023161E+00  5.6312781E+05
 3.9103522E+00  5.6559012E+05
 3.9183886E+00  5.6209031E+05
 3.9264247E+00  5.5959206E+05
 3.9344611E+00  5.5885056E+05
 3.9424973E+00  5.6143731E+05
 3.9505336E+00  5.5938300E+05
 3.9585698E+00  5.6494056E+05
 3.9666061E+00  5.5583481E+05
 3.9746425E+00  5.5550588E+05
 3.9826787E+00  5.5949031E+05
 3.9907150E+00  5.5887188E+05
 3.9987512E+00  5.5392456E+05
 4.0067878E+00  5.5035912E+05
 4.0148239E+00  5.5608669E+05
 4.0228601E+00  5.5431862E+05
 4.0308962E+00  5.5364119E+05
 4.0389328E+00  5.5667319E+05
 4.0469689E+00  5.5683350E+05
 4.0550051E+00  5.5310700E+05
 4.0630417E+00  5.5279944E+05
 4.0710778E+00  5.5667775E+05
 4.0791140E+00  5.5541556E+05
 4.0871501E+00  5.5675788E+05
 4.0951867E+00  5.5561850E+05
 4.1032228E+00  5.5406212E+05
 4.1112590E+00  5.5338800E+05
 4.1192951E+00  5.5584219E+05
 4.1273317E+00  5.5527175E+05
 4.1353679E+00  5.5514831E+05
 4.1434040E+00  5.5869625E+05
 4.1514401E+00  5.6267350E+05
 4.1594768E+00  5.5268825E+05
 4.1675129E+00  5.5590156E+05
 4.1755490E+00  5.5196306E+05
 4.1835852E+00  5.5654862E+05
 4.1916218E+00  5.6352444E+05
 4.1996579E+00  5.6587838E+05
 4.2076941E+00  5.6365506E+05
 4.2157307E+00  5.5563306E+05
 4.2237668E+00  5.5613738E+05
 4.2318029E+00  5.5503488E+05
 4.2398391E+00  5.5395056E+05
 4.2478757E+00  5.5976106E+05
 4.2559118E+00  5.5788144E+05
 4.2639480E+00  5.5436412E+05
 4.2719841E+00  5.5532462E+05
 4.2800207E+00  5.5266294E+05
 4.2880569E+00  5.5639400E+05
 4.2960930E+00  5.5449038E+05
 4.3041296E+00  5.5138769E+05
 4.3121657E+00  5.5220669E+05
 4.3202019E+00  5.5161406E+05
 4.3282380E+00  5.5638369E+05
 4.3362746E+00  5.5159756E+05
 4.3443108E+00  5.5487469E+05
 4.3523469E+00  5.6215612E+05
 4.3603830E+00  5.5660844E+05
 4.3684196E+00  5.5270150E+05
 4.3764558E+00  5.5674238E+05
 4.3844919E+00  5.5183406E+05
 4.3925285E+00  5.5102419E+05
 4.4005647E+00  5.5023969E+05
 4.4086008E+00  5.5067312E+05
 4.4166369E+00  5.5209919E+05
 4.4246736E+00  5.4964338E+05
 4.4327097E+00  5.4486100E+05
 4.4407458E+00  5.4957706E+05
 4.4487824E+00  5.5327200E+05
 4.4568186E+00  5.4962175E+05
 4.4648547E+00  5.5158519E+05
 4.4728909E+00  5.5566562E+05
 4.4809275E+00  5.5115625E+05
 4.4889636E+00  5.5882612E+05
 4.4969997E+00  5.5852012E+05
 4.5050359E+00  5.5142775E+05
 4.5130725E+00  5.5105275E+05
 4.5211086E+00  5.5520919E+05
 4.5291448E+00  5.5278462E+05
 4.5371814E+00  5.5063619E+05
 4.5452175E+00  5.5480675E+05
 4.5532537E+00  5.5375375E+05
 4.5612898E+00  5.5084831E+05
 4.5693264E+00  5.5324838E+05
 4.5773625E+00  5.6073412E+05
 4.5853987E+00  5.5052575E+05
 4.5934348E+00  5.5527075E+05
 4.6014714E+00  5.5138781E+05
 4.6095076E+00  5.5335138E+05
 4.6175437E+00  5.5520094E+05
 4.6255803E+00  5.5459456E+05
 4.6336164E+00  5.5252231E+05
 4.6416526E+00  5.5311550E+05
 4.6496887E+00  5.5300075E+05
 4.6577253E+00  5.5339769E+05
 4.6657615E+00  5.5370188E+05
 4.6737976E+00  5.6111312E+05
 4.6818342E+00  5.7004988E+05
 4.6898704E+00  5.6170338E+05
 4.6979065E+00  5.5609475E+05
 4.7059426E+00  5.5326819E+05
 4.7139792E+00  5.5587106E+05
 4.7220154E+00  5.5687394E+05
 4.7300515E+00  5.6054425E+05
 4.7380877E+00  5.5998712E+05
 4.7461243E+00  5.5785894E+05
 4.7541604E+00  5.5665925E+05
 4.7621965E+00  5.5166394E+05
 4.7702332E+00  5.4256169E+05
 4.7782693E+00  5.4787394E+05
 4.7863054E+00  5.5386381E+05
 4.7943416E+00  5.5932181E+05
 4.8023782E+00  5.4984669E+05
 4.8104143E+00  5.4717262E+05
 4.8184505E+00  5.5746438E+05
 4.8264866E+00  5.5952625E+05
 4.8345232E+00  5.4725119E+05
 4.8425593E+00  5.5290644E+05
 4.8505955E+00  5.4939925E+05
 4.8586321E+00  5.5139094E+05
 4.8666682E+00  5.4441219E+05
 4.8747044E+00  5.5395350E+05
 4.8827405E+00  5.4960562E+05
 4.8907771E+00  5.5193156E+05
 4.8988132E+00  5.5979350E+05
 4.9068494E+00  5.5252494E+05
 4.9148855E+00  5.5373725E+05
 4.9229221E+00  5.5390994E+05
 4.9309583E+00  5.5583406E+05
 4.9389944E+00  5.4872250E+05
 4.9470310E+00  5.6639375E+05
 4.9550672E+00  5.6951425E+05
 4.9631033E+00  5.6053844E+05
 4.9711394E+00  5.5861319E+05
 4.9791760E+00  5.6283544E+05
 4.9872122E+00  5.5451781E+05
 4.9952483E+00  5.5615269E+05
 5.0032849E+00  5.6318788E+05
 5.0113211E+00  5.5450675E+05
 5.0193572E+00  5.3920650E+05
