 1.3330637E-01  1.1750719E+06
 1.4134264E-01  1.0898470E+06
 1.4937891E-01  1.0995935E+06
 1.5741518E-01  1.0072537E+06
 1.6545145E-01  8.9820688E+05
 1.7348772E-01  8.3862406E+05
 1.8152398E-01  7.9496531E+05
 1.8956025E-01  7.7480894E+05
 1.9759652E-01  7.2943894E+05
 2.0563278E-01  7.0778200E+05
 2.1366906E-01  6.8075512E+05
 2.2170532E-01  6.6084888E+05
 2.2974159E-01  6.4845825E+05
 2.3777786E-01  6.3070356E+05
 2.4581413E-01  6.2522850E+05
 2.5385040E-01  6.2067131E+05
 2.6188666E-01  6.0734506E+05
 2.6992291E-01  6.0293662E+05
 2.7795920E-01  6.0586438E+05
 2.8599548E-01  5.9614156E+05
 2.9403174E-01  5.8603038E+05
 3.0206800E-01  5.8353638E+05
 3.1010425E-01  5.8637656E+05
 3.1814054E-01  5.8732144E+05
 3.2617682E-01  5.8364831E+05
 3.3421308E-01  5.7687519E+05
 3.4224933E-01  5.7425525E+05
 3.5028559E-01  5.7251388E+05
 3.5832188E-01  5.6933625E+05
 3.6635816E-01  5.7106475E+05
 3.7439442E-01  5.6971144E+05
 3.8243067E-01  5.7163775E+05
 3.9046693E-01  5.6050200E+05
 3.9850324E-01  5.6438988E+05
 4.0653950E-01  5.6252156E+05
 4.1457576E-01  5.6550625E+05
 4.2261201E-01  5.6252981E+05
 4.3064827E-01  5.5997444E+05
 4.3868458E-01  5.6400356E+05
 4.4672084E-01  5.6342212E+05
 4.5475709E-01  5.6186756E+05
 4.6279335E-01  5.5833456E+05
 4.7082961E-01  5.5852731E+05
 4.7886592E-01  5.5637000E+05
 4.8690218E-01  5.4939950E+05
 4.9493843E-01  5.5262288E+05
 5.0297469E-01  5.5714231E+05
 5.1101094E-01  5.5815156E+05
 5.1904726E-01  5.5413938E+05
 5.2708352E-01  5.5956762E+05
 5.3511977E-01  5.6058044E+05
 5.4315603E-01  5.5426462E+05
 5.5119228E-01  5.5934600E+05
 5.5922860E-01  5.5192412E+05
 5.6726485E-01  5.5375244E+05
 5.7530111E-01  5.4938475E+05
 5.8333737E-01  5.5662950E+05
 5.9137362E-01  5.5815538E+05
 5.9940994E-01  5.5368212E+05
 6.0744619E-01  5.5797281E+05
 6.1548245E-01  5.5449700E+05
 6.2351871E-01  5.5147544E+05
 6.3155502E-01  5.5082831E+05
 6.3959128E-01  5.4382894E+05
 6.4762753E-01  5.5156069E+05
 6.5566379E-01  5.5143856E+05
 6.6370010E-01  5.5253912E+05
 6.7173636E-01  5.5180019E+05
 6.7977262E-01  5.4716431E+05
 6.8780887E-01  5.4679994E+05
 6.9584513E-01  5.5293669E+05
 7.0388144E-01  5.5195994E+05
 7.1191770E-01  5.4937581E+05
 7.1995395E-01  5.4544469E+05
 7.2799021E-01  5.4562325E+05
 7.3602647E-01  5.4741956E+05
 7.4406278E-01  5.4639656E+05
 7.5209904E-01  5.4686081E+05
 7.6013529E-01  5.4620981E+05
 7.6817155E-01  5.4973069E+05
 7.7620780E-01  5.4744288E+05
 7.8424412E-01  5.4657181E+05
 7.9228038E-01  5.4936644E+05
 8.0031663E-01  5.5189275E+05
 8.0835289E-01  5.4812025E+05
 8.1638914E-01  5.4871281E+05
 8.2442546E-01  5.5338475E+05
 8.3246171E-01  5.4930669E+05
 8.4049797E-01  5.4415688E+05
 8.4853423E-01  5.4435175E+05
 8.5657048E-01  5.4924556E+05
 8.6460680E-01  5.5072856E+05
 8.7264305E-01  5.4972281E+05
 8.8067931E-01  5.4945788E+05
 8.8871557E-01  5.5157794E+05
 8.9675182E-01  5.4733638E+05
 9.0478814E-01  5.4577175E+05
 9.1282439E-01  5.4854888E+05
 9.2086065E-01  5.4781762E+05
 9.2889690E-01  5.4773144E+05
 9.3693316E-01  5.5042294E+05
 9.4496948E-01  5.5207019E+05
 9.5300573E-01  5.4665894E+05
 9.6104199E-01  5.4588838E+05
 9.6907824E-01  5.4842712E+05
 9.7711450E-01  5.4850912E+05
 9.8515081E-01  5.4469781E+05
 9.9318707E-01  5.4689306E+05
 1.0012233E+00  5.4857262E+05
 1.0092596E+00  5.4562644E+05
 1.0172958E+00  5.4723994E+05
 1.0253321E+00  5.4888894E+05
 1.0333683E+00  5.4832706E+05
 1.0414046E+00  5.4673062E+05
 1.0494409E+00  5.4903481E+05
 1.0574771E+00  5.4527006E+05
 1.0655135E+00  5.4851719E+05
 1.0735497E+00  5.4759156E+05
 1.0815860E+00  5.4428825E+05
 1.0896223E+00  5.4331950E+05
 1.0976585E+00  5.4665581E+05
 1.1056948E+00  5.4611481E+05
 1.1137310E+00  5.4757388E+05
 1.1217673E+00  5.4880394E+05
 1.1298035E+00  5.4435306E+05
 1.1378398E+00  5.4377250E+05
 1.1458760E+00  5.4176962E+05
 1.1539123E+00  5.4796219E+05
 1.1619487E+00  5.4500762E+05
 1.1699849E+00  5.4568238E+05
 1.1780212E+00  5.4650650E+05
 1.1860574E+00  5.4561150E+05
 1.1940937E+00  5.4706294E+05
 1.2021300E+00  5.4303338E+05
 1.2101662E+00  5.4321425E+05
 1.2182025E+00  5.4367362E+05
 1.2262387E+00  5.4666056E+05
 1.2342750E+00  5.4517894E+05
 1.2423114E+00  5.4608969E+05
 1.2503476E+00  5.5065225E+05
 1.2583839E+00  5.5108244E+05
 1.2664201E+00  5.4776025E+05
 1.2744564E+00  5.4965919E+05
 1.2824926E+00  5.5151156E+05
 1.2905289E+00  5.4474931E+05
 1.2985651E+00  5.4469119E+05
 1.3066014E+00  5.4283938E+05
 1.3146377E+00  5.4643831E+05
 1.3226740E+00  5.4668994E+05
 1.3307103E+00  5.4242881E+05
 1.3387465E+00  5.4314638E+05
 1.3467828E+00  5.4290312E+05
 1.3548191E+00  5.4168150E+05
 1.3628553E+00  5.4340100E+05
 1.3708916E+00  5.4505306E+05
 1.3789278E+00  5.4087644E+05
 1.3869641E+00  5.3618794E+05
 1.3950003E+00  5.4621006E+05
 1.4030367E+00  5.4844600E+05
 1.4110730E+00  5.4370112E+05
 1.4191092E+00  5.4728194E+05
 1.4271455E+00  5.5179938E+05
 1.4351817E+00  5.4606225E+05
 1.4432180E+00  5.4410219E+05
 1.4512542E+00  5.4411756E+05
 1.4592905E+00  5.4638106E+05
 1.4673268E+00  5.4536069E+05
 1.4753631E+00  5.4192281E+05
 1.4833994E+00  5.4311912E+05
 1.4914356E+00  5.4343281E+05
 1.4994719E+00  5.4340456E+05
 1.5075082E+00  5.4702375E+05
 1.5155444E+00  5.4508794E+05
 1.5235807E+00  5.4731188E+05
 1.5316169E+00  5.4430175E+05
 1.5396532E+00  5.4295888E+05
 1.5476894E+00  5.4151669E+05
 1.5557258E+00  5.4437531E+05
 1.5637621E+00  5.4570162E+05
 1.5717983E+00  5.4559181E+05
 1.5798346E+00  5.4079812E+05
 1.5878708E+00  5.4545319E+05
 1.5959071E+00  5.4308638E+05
 1.6039433E+00  5.4371094E+05
 1.6119796E+00  5.4442769E+05
 1.6200159E+00  5.4333600E+05
 1.6280521E+00  5.4367394E+05
 1.6360885E+00  5.4193044E+05
 1.6441247E+00  5.4003544E+05
 1.6521610E+00  5.3853862E+05
 1.6601973E+00  5.3412819E+05
 1.6682335E+00  5.3644662E+05
 1.6762698E+00  5.4009150E+05
 1.6843060E+00  5.4303062E+05
 1.6923423E+00  5.4037725E+05
 1.7003785E+00  5.3587725E+05
 1.7084148E+00  5.3844531E+05
 1.7164512E+00  5.4025750E+05
 1.7244874E+00  5.4230494E+05
 1.7325237E+00  5.3965875E+05
 1.7405599E+00  5.3953669E+05
 1.7485962E+00  5.3487488E+05
 1.7566324E+00  5.4018106E+05
 1.7646687E+00  5.4393538E+05
 1.7727050E+00  5.4170862E+05
 1.7807412E+00  5.3649831E+05
 1.7887775E+00  5.4018419E+05
 1.7968138E+00  5.3741394E+05
 1.8048501E+00  5.3893462E+05
 1.8128864E+00  5.4017331E+05
 1.8209226E+00  5.3835069E+05
 1.8289589E+00  5.3519625E+05
 1.8369951E+00  5.3735144E+05
 1.8450314E+00  5.3814881E+05
 1.8530676E+00  5.3846856E+05
 1.8611039E+00  5.3535025E+05
 1.8691401E+00  5.3388056E+05
 1.8771765E+00  5.3606050E+05
 1.8852128E+00  5.3509944E+05
 1.8932490E+00  5.3746888E+05
 1.9012853E+00  5.3851850E+05
 1.9093215E+00  5.3763650E+05
 1.9173578E+00  5.3690538E+05
 1.9253941E+00  5.3555631E+05
 1.9334303E+00  5.3302544E+05
 1.9414666E+00  5.3400488E+05
 1.9495029E+00  5.3683212E+05
 1.9575392E+00  5.3838144E+05
 1.9655755E+00  5.3776450E+05
 1.9736117E+00  5.3933269E+05
 1.9816480E+00  5.3850956E+05
 1.9896842E+00  5.3975838E+05
 1.9977205E+00  5.4213094E+05
 2.0057569E+00  5.3975431E+05
 2.0137930E+00  5.4169912E+05
 2.0218294E+00  5.4015400E+05
 2.0298657E+00  5.3905625E+05
 2.0379019E+00  5.4059175E+05
 2.0459383E+00  5.3768269E+05
 2.0539744E+00  5.3643812E+05
 2.0620108E+00  5.3939700E+05
 2.0700469E+00  5.4208750E+05
 2.0780833E+00  5.3915106E+05
 2.0861194E+00  5.4237262E+05
 2.0941558E+00  5.3934450E+05
 2.1021919E+00  5.3802012E+05
 2.1102283E+00  5.3849306E+05
 2.1182647E+00  5.3805438E+05
 2.1263008E+00  5.4084844E+05
 2.1343369E+00  5.4272894E+05
 2.1423733E+00  5.4314981E+05
 2.1504097E+00  5.4204431E+05
 2.1584458E+00  5.3582306E+05
 2.1664822E+00  5.4135356E+05
 2.1745183E+00  5.3955194E+05
 2.1825547E+00  5.4499362E+05
 2.1905909E+00  5.4240669E+05
 2.1986272E+00  5.4087850E+05
 2.2066634E+00  5.4357850E+05
 2.2146997E+00  5.4378600E+05
 2.2227359E+00  5.3849338E+05
 2.2307723E+00  5.3867081E+05
 2.2388086E+00  5.4095400E+05
 2.2468448E+00  5.4229744E+05
 2.2548811E+00  5.3903094E+05
 2.2629173E+00  5.3988188E+05
 2.2709537E+00  5.4341688E+05
 2.2789898E+00  5.3638094E+05
 2.2870262E+00  5.3856588E+05
 2.2950623E+00  5.3978731E+05
 2.3030987E+00  5.4383031E+05
 2.3111351E+00  5.4320500E+05
 2.3191712E+00  5.3590212E+05
 2.3272076E+00  5.3908231E+05
 2.3352437E+00  5.3989644E+05
 2.3432801E+00  5.3889275E+05
 2.3513162E+00  5.3907244E+05
 2.3593526E+00  5.3902981E+05
 2.3673887E+00  5.3385106E+05
 2.3754251E+00  5.4086050E+05
 2.3834612E+00  5.3852838E+05
 2.3914976E+00  5.3286738E+05
 2.3995340E+00  5.3788938E+05
 2.4075701E+00  5.3915688E+05
 2.4156065E+00  5.3786744E+05
 2.4236426E+00  5.4130619E+05
 2.4316790E+00  5.3960919E+05
 2.4397151E+00  5.3287988E+05
 2.4477515E+00  5.3465919E+05
 2.4557877E+00  5.3163444E+05
 2.4638240E+00  5.3213256E+05
 2.4718604E+00  5.3587806E+05
 2.4798965E+00  5.3525719E+05
 2.4879329E+00  5.3692538E+05
 2.4959691E+00  5.3472094E+05
 2.5040054E+00  5.3681181E+05
 2.5120416E+00  5.3795988E+05
 2.5200779E+00  5.3920606E+05
 2.5281141E+00  5.3697162E+05
 2.5361505E+00  5.3475975E+05
 2.5441868E+00  5.3223225E+05
 2.5522230E+00  5.3228894E+05
 2.5602593E+00  5.3109062E+05
 2.5682955E+00  5.3534788E+05
 2.5763319E+00  5.3542544E+05
 2.5843680E+00  5.3599488E+05
 2.5924044E+00  5.3566950E+05
 2.6004405E+00  5.3390044E+05
 2.6084769E+00  5.3563681E+05
 2.6165130E+00  5.3483431E+05
 2.6245494E+00  5.3434369E+05
 2.6325858E+00  5.3534288E+05
 2.6406219E+00  5.3391344E+05
 2.6486583E+00  5.3558369E+05
 2.6566944E+00  5.3045894E+05
 2.6647308E+00  5.3382712E+05
 2.6727669E+00  5.3646731E+05
 2.6808033E+00  5.3896256E+05
 2.6888394E+00  5.3708331E+05
 2.6968758E+00  5.3756344E+05
 2.7049122E+00  5.3840069E+05
 2.7129483E+00  5.3318669E+05
 2.7209847E+00  5.2979038E+05
 2.7290208E+00  5.3625231E+05
 2.7370572E+00  5.3526769E+05
 2.7450933E+00  5.3216956E+05
 2.7531297E+00  5.3506562E+05
 2.7611659E+00  5.3494000E+05
 2.7692022E+00  5.3633375E+05
 2.7772384E+00  5.3142569E+05
 2.7852747E+00  5.3511312E+05
 2.7933111E+00  5.3741362E+05
 2.8013473E+00  5.3160919E+05
 2.8093836E+00  5.3155094E+05
 2.8174198E+00  5.2991162E+05
 2.8254561E+00  5.3128762E+05
 2.8334923E+00  5.3110675E+05
 2.8415287E+00  5.3059819E+05
 2.8495648E+00  5.3469569E+05
 2.8576012E+00  5.3442550E+05
 2.8656375E+00  5.2906344E+05
 2.8736737E+00  5.2998412E+05
 2.8817101E+00  5.2778494E+05
 2.8897462E+00  5.3246838E+05
 2.8977826E+00  5.3333356E+05
 2.9058187E+00  5.2976788E+05
 2.9138551E+00  5.2905238E+05
 2.9218912E+00  5.2836550E+05
 2.9299276E+00  5.3624362E+05
 2.9379637E+00  5.3230869E+05
 2.9460001E+00  5.2711619E+05
 2.9540365E+00  5.2926369E+05
 2.9620726E+00  5.3321638E+05
 2.9701090E+00  5.3174675E+05
 2.9781451E+00  5.3000756E+05
 2.9861815E+00  5.3585225E+05
 2.9942176E+00  5.3524831E+05
 3.0022540E+00  5.4140175E+05
 3.0102901E+00  5.3701025E+05
 3.0183265E+00  5.3487994E+05
 3.0263629E+00  5.3157094E+05
 3.0343990E+00  5.2756694E+05
 3.0424354E+00  5.2861731E+05
 3.0504715E+00  5.2788588E+05
 3.0585079E+00  5.3414181E+05
 3.0665441E+00  5.2733375E+05
 3.0745804E+00  5.2968431E+05
 3.0826166E+00  5.3319200E+05
 3.0906529E+00  5.3336719E+05
 3.0986893E+00  5.2442638E+05
 3.1067255E+00  5.3285206E+05
 3.1147618E+00  5.2922956E+05
 3.1227980E+00  5.2558612E+05
 3.1308343E+00  5.3414344E+05
 3.1388705E+00  5.3461506E+05
 3.1469069E+00  5.3306719E+05
 3.1549430E+00  5.3296144E+05
 3.1629794E+00  5.2983706E+05
 3.1710155E+00  5.2736294E+05
 3.1790519E+00  5.2835062E+05
 3.1870883E+00  5.2760100E+05
 3.1951244E+00  5.2350216E+05
 3.2031608E+00  5.2684188E+05
 3.2111969E+00  5.3143162E+05
 3.2192333E+00  5.2577388E+05
 3.2272694E+00  5.2108575E+05
 3.2353058E+00  5.2398984E+05
 3.2433419E+00  5.2232469E+05
 3.2513783E+00  5.2535725E+05
 3.2594147E+00  5.2028744E+05
 3.2674508E+00  5.1832619E+05
 3.2754872E+00  5.2209194E+05
 3.2835233E+00  5.1997588E+05
 3.2915597E+00  5.1916791E+05
 3.2995958E+00  5.2580844E+05
 3.3076322E+00  5.2545925E+05
 3.3156683E+00  5.2108925E+05
 3.3237047E+00  5.2181084E+05
 3.3317409E+00  5.2468650E+05
 3.3397772E+00  5.1984175E+05
 3.3478136E+00  5.2034481E+05
 3.3558497E+00  5.2190378E+05
 3.3638861E+00  5.2307662E+05
 3.3719223E+00  5.2166038E+05
 3.3799586E+00  5.1990884E+05
 3.3879948E+00  5.1901944E+05
 3.3960311E+00  5.1773206E+05
 3.4040673E+00  5.1863691E+05
 3.4121037E+00  5.2245619E+05
 3.4201400E+00  5.2114319E+05
 3.4281762E+00  5.2250353E+05
 3.4362125E+00  5.1839538E+05
 3.4442487E+00  5.2028809E+05
 3.4522851E+00  5.1886734E+05
 3.4603212E+00  5.2380341E+05
 3.4683576E+00  5.1541072E+05
 3.4763937E+00  5.2377241E+05
 3.4844301E+00  5.1877756E+05
 3.4924664E+00  5.1983647E+05
 3.5005026E+00  5.2392891E+05
 3.5085390E+00  5.1727275E+05
 3.5165751E+00  5.1488575E+05
 3.5246115E+00  5.1739550E+05
 3.5326476E+00  5.1568188E+05
 3.5406840E+00  5.2235812E+05
 3.5487201E+00  5.2228047E+05
 3.5567565E+00  5.2191191E+05
 3.5647926E+00  5.2552531E+05
 3.5728290E+00  5.2074203E+05
 3.5808654E+00  5.1728091E+05
 3.5889015E+00  5.1159294E+05
 3.5969379E+00  5.1980303E+05
 3.6049740E+00  5.2010897E+05
 3.6130104E+00  5.2140878E+05
 3.6210465E+00  5.1683181E+05
 3.6290829E+00  5.1923294E+05
 3.6371191E+00  5.1770841E+05
 3.6451554E+00  5.1505906E+05
 3.6531918E+00  5.1843878E+05
 3.6612279E+00  5.1888734E+05
 3.6692643E+00  5.1755409E+05
 3.6773005E+00  5.2108219E+05
 3.6853368E+00  5.1650116E+05
 3.6933730E+00  5.2117469E+05
 3.7014093E+00  5.2045353E+05
 3.7094455E+00  5.1784900E+05
 3.7174819E+00  5.1603869E+05
 3.7255180E+00  5.1562012E+05
 3.7335544E+00  5.1334344E+05
 3.7415907E+00  5.1532369E+05
 3.7496269E+00  5.1775956E+05
 3.7576632E+00  5.1764900E+05
 3.7656994E+00  5.1738412E+05
 3.7737358E+00  5.1907544E+05
 3.7817719E+00  5.1875253E+05
 3.7898083E+00  5.2079719E+05
 3.7978444E+00  5.1989975E+05
 3.8058808E+00  5.1942131E+05
 3.8139172E+00  5.2157112E+05
 3.8219533E+00  5.1810716E+05
 3.8299897E+00  5.1835369E+05
 3.8380258E+00  5.1708225E+05
 3.8460622E+00  5.1554041E+05
 3.8540983E+00  5.1962231E+05
 3.8621347E+00  5.2130853E+05
 3.8701708E+00  5.1753328E+05
 3.8782072E+00  5.1813525E+05
 3.8862433E+00  5.1735228E+05
 3.8942797E+00  5.1725484E+05
 3.9023161E+00  5.1643775E+05
 3.9103522E+00  5.1614381E+05
 3.9183886E+00  5.2201941E+05
 3.9264247E+00  5.2135319E+05
 3.9344611E+00  5.2172344E+05
 3.9424973E+00  5.1987731E+05
 3.9505336E+00  5.1706547E+05
 3.9585698E+00  5.1757212E+05
 3.9666061E+00  5.2064059E+05
 3.9746425E+00  5.1787872E+05
 3.9826787E+00  5.1548906E+05
 3.9907150E+00  5.1434762E+05
 3.9987512E+00  5.1841469E+05
 4.0067878E+00  5.1832294E+05
 4.0148239E+00  5.1563788E+05
 4.0228601E+00  5.1786253E+05
 4.0308962E+00  5.1736041E+05
 4.0389328E+00  5.1558806E+05
 4.0469689E+00  5.1155000E+05
 4.0550051E+00  5.1519662E+05
 4.0630417E+00  5.1821531E+05
 4.0710778E+00  5.1943419E+05
 4.0791140E+00  5.2058388E+05
 4.0871501E+00  5.1979028E+05
 4.0951867E+00  5.1557309E+05
 4.1032228E+00  5.1588600E+05
 4.1112590E+00  5.2159538E+05
 4.1192951E+00  5.1855441E+05
 4.1273317E+00  5.1904609E+05
 4.1353679E+00  5.1563012E+05
 4.1434040E+00  5.1679784E+05
 4.1514401E+00  5.1551572E+05
 4.1594768E+00  5.1338541E+05
 4.1675129E+00  5.1871869E+05
 4.1755490E+00  5.1481234E+05
 4.1835852E+00  5.1674947E+05
 4.1916218E+00  5.1347153E+05
 4.1996579E+00  5.1574812E+05
 4.2076941E+00  5.1533531E+05
 4.2157307E+00  5.1733938E+05
 4.2237668E+00  5.1874288E+05
 4.2318029E+00  5.1746372E+05
 4.2398391E+00  5.1543453E+05
 4.2478757E+00  5.1912112E+05
 4.2559118E+00  5.1843594E+05
 4.2639480E+00  5.2020897E+05
 4.2719841E+00  5.1565509E+05
 4.2800207E+00  5.1650556E+05
 4.2880569E+00  5.1666269E+05
 4.2960930E+00  5.1371003E+05
 4.3041296E+00  5.1014591E+05
 4.3121657E+00  5.1646475E+05
 4.3202019E+00  5.1413403E+05
 4.3282380E+00  5.1583597E+05
 4.3362746E+00  5.1713919E+05
 4.3443108E+00  5.1929059E+05
 4.3523469E+00  5.1670500E+05
 4.3603830E+00  5.1742581E+05
 4.3684196E+00  5.1431822E+05
 4.3764558E+00  5.1346284E+05
 4.3844919E+00  5.1994312E+05
 4.3925285E+00  5.2022988E+05
 4.4005647E+00  5.1166525E+05
 4.4086008E+00  5.1315356E+05
 4.4166369E+00  5.1407662E+05
 4.4246736E+00  5.1528894E+05
 4.4327097E+00  5.1385484E+05
 4.4407458E+00  5.1549241E+05
 4.4487824E+00  5.1553828E+05
 4.4568186E+00  5.1807897E+05
 4.4648547E+00  5.1145956E+05
 4.4728909E+00  5.1196900E+05
 4.4809275E+00  5.1004338E+05
 4.4889636E+00  5.1544456E+05
 4.4969997E+00  5.1644059E+05
 4.5050359E+00  5.1633275E+05
 4.5130725E+00  5.1218616E+05
 4.5211086E+00  5.0911822E+05
 4.5291448E+00  5.1213981E+05
 4.5371814E+00  5.1205494E+05
 4.5452175E+00  5.1487912E+05
 4.5532537E+00  5.1454988E+05
 4.5612898E+00  5.1596922E+05
 4.5693264E+00  5.1413112E+05
 4.5773625E+00  5.1588106E+05
 4.5853987E+00  5.1744116E+05
 4.5934348E+00  5.1507197E+05
 4.6014714E+00  5.1555303E+05
 4.6095076E+00  5.1465781E+05
 4.6175437E+00  5.1266406E+05
 4.6255803E+00  5.1304425E+05
 4.6336164E+00  5.1479962E+05
 4.6416526E+00  5.1558172E+05
 4.6496887E+00  5.1515381E+05
 4.6577253E+00  5.1640334E+05
 4.6657615E+00  5.1677581E+05
 4.6737976E+00  5.1826559E+05
 4.6818342E+00  5.2051019E+05
 4.6898704E+00  5.1839188E+05
 4.6979065E+00  5.2227628E+05
 4.7059426E+00  5.1895344E+05
 4.7139792E+00  5.1428566E+05
 4.7220154E+00  5.2031303E+05
 4.7300515E+00  5.1667634E+05
 4.7380877E+00  5.1383259E+05
 4.7461243E+00  5.1789184E+05
 4.7541604E+00  5.1477903E+05
 4.7621965E+00  5.1710828E+05
 4.7702332E+00  5.1670000E+05
 4.7782693E+00  5.2102506E+05
 4.7863054E+00  5.1736894E+05
 4.7943416E+00  5.2015038E+05
 4.8023782E+00  5.2196625E+05
 4.8104143E+00  5.2004862E+05
 4.8184505E+00  5.2122406E+05
 4.8264866E+00  5.2100831E+05
 4.8345232E+00  5.2361488E+05
 4.8425593E+00  5.2040022E+05
 4.8505955E+00  5.1429956E+05
 4.8586321E+00  5.2355028E+05
 4.8666682E+00  5.1780247E+05
 4.8747044E+00  5.1851722E+05
 4.8827405E+00  5.1122219E+05
 4.8907771E+00  5.1255103E+05
 4.8988132E+00  5.2425112E+05
 4.9068494E+00  5.1686925E+05
 4.9148855E+00  5.2335028E+05
 4.9229221E+00  5.1743847E+05
 4.9309583E+00  5.1007356E+05
 4.9389944E+00  5.1166275E+05
 4.9470310E+00  5.1398434E+05
 4.9550672E+00  5.1560122E+05
 4.9631033E+00  5.1627944E+05
 4.9711394E+00  5.1010412E+05
 4.9791760E+00  5.2537906E+05
 4.9872122E+00  5.2162194E+05
 4.9952483E+00  5.2654981E+05
 5.0032849E+00  5.2346762E+05
 5.0113211E+00  5.3964744E+05
 5.0193572E+00  5.4438388E+05
