 1.3330637E-01  4.1130788E+05
 1.4134264E-01  4.0267659E+05
 1.4937891E-01  4.0025094E+05
 1.5741518E-01  3.8858397E+05
 1.6545145E-01  3.8559569E+05
 1.7348772E-01  3.7868688E+05
 1.8152398E-01  3.8922753E+05
 1.8956025E-01  3.8663472E+05
 1.9759652E-01  3.8761053E+05
 2.0563278E-01  3.7322316E+05
 2.1366906E-01  3.8463544E+05
 2.2170532E-01  3.7527106E+05
 2.2974159E-01  3.8994625E+05
 2.3777786E-01  3.9440688E+05
 2.4581413E-01  4.0091350E+05
 2.5385040E-01  4.0126847E+05
 2.6188666E-01  3.9890581E+05
 2.6992291E-01  3.9697797E+05
 2.7795920E-01  4.0392891E+05
 2.8599548E-01  4.0523384E+05
 2.9403174E-01  4.0851794E+05
 3.0206800E-01  4.0897512E+05
 3.1010425E-01  4.2166103E+05
 3.1814054E-01  4.1742609E+05
 3.2617682E-01  4.2313162E+05
 3.3421308E-01  4.2244200E+05
 3.4224933E-01  4.2686459E+05
 3.5028559E-01  4.4456934E+05
 3.5832188E-01  4.4120225E+05
 3.6635816E-01  4.4789191E+05
 3.7439442E-01  4.6156153E+05
 3.8243067E-01  4.6963850E+05
 3.9046693E-01  4.7548084E+05
 3.9850324E-01  4.8777197E+05
 4.0653950E-01  5.0008816E+05
 4.1457576E-01  5.0307928E+05
 4.2261201E-01  5.1810759E+05
 4.3064827E-01  5.3824475E+05
 4.3868458E-01  5.4719281E+05
 4.4672084E-01  5.5803500E+05
 4.5475709E-01  5.7834238E+05
 4.6279335E-01  5.9393038E+05
 4.7082961E-01  6.0851044E+05
 4.7886592E-01  6.2872531E+05
 4.8690218E-01  6.5425712E+05
 4.9493843E-01  6.8584206E+05
 5.0297469E-01  7.0629644E+05
 5.1101094E-01  7.1288700E+05
 5.1904726E-01  7.2368800E+05
 5.2708352E-01  7.4975262E+05
 5.3511977E-01  7.7352038E+05
 5.4315603E-01  7.8665988E+05
 5.5119228E-01  7.9738450E+05
 5.5922860E-01  8.0332625E+05
 5.6726485E-01  8.3369250E+05
 5.7530111E-01  8.3566988E+05
 5.8333737E-01  8.4774244E+05
 5.9137362E-01  8.5310538E+05
 5.9940994E-01  8.6736162E+05
 6.0744619E-01  8.6777956E+05
 6.1548245E-01  8.6742031E+05
 6.2351871E-01  8.8348281E+05
 6.3155502E-01  8.8967112E+05
 6.3959128E-01  8.9410825E+05
 6.4762753E-01  9.0057894E+05
 6.5566379E-01  8.9716950E+05
 6.6370010E-01  8.9660138E+05
 6.7173636E-01  8.8862362E+05
 6.7977262E-01  9.0788831E+05
 6.8780887E-01  8.9778225E+05
 6.9584513E-01  8.8636256E+05
 7.0388144E-01  8.9900188E+05
 7.1191770E-01  8.9054050E+05
 7.1995395E-01  9.0668888E+05
 7.2799021E-01  8.9950019E+05
 7.3602647E-01  8.9708762E+05
 7.4406278E-01  8.9692756E+05
 7.5209904E-01  9.0993500E+05
 7.6013529E-01  9.0534919E+05
 7.6817155E-01  8.9534775E+05
 7.7620780E-01  9.0135044E+05
 7.8424412E-01  9.1167338E+05
 7.9228038E-01  9.1182288E+05
 8.0031663E-01  9.1464025E+05
 8.0835289E-01  9.2089894E+05
 8.1638914E-01  9.2823138E+05
 8.2442546E-01  9.2988250E+05
 8.3246171E-01  9.2109450E+05
 8.4049797E-01  9.2585538E+05
 8.4853423E-01  9.3256362E+05
 8.5657048E-01  9.4044006E+05
 8.6460680E-01  9.3824738E+05
 8.7264305E-01  9.2887100E+05
 8.8067931E-01  9.3722381E+05
 8.8871557E-01  9.4987862E+05
 8.9675182E-01  9.4857775E+05
 9.0478814E-01  9.4694494E+05
 9.1282439E-01  9.5222612E+05
 9.2086065E-01  9.7238494E+05
 9.2889690E-01  9.7182331E+05
 9.3693316E-01  9.7090288E+05
 9.4496948E-01  9.7469900E+05
 9.5300573E-01  9.8041912E+05
 9.6104199E-01  9.9322944E+05
 9.6907824E-01  9.9600031E+05
 9.7711450E-01  9.9529738E+05
 9.8515081E-01  1.0045228E+06
 9.9318707E-01  1.0105661E+06
 1.0012233E+00  1.0234030E+06
 1.0092596E+00  1.0265518E+06
 1.0172958E+00  1.0319972E+06
 1.0253321E+00  1.0330304E+06
 1.0333683E+00  1.0391552E+06
 1.0414046E+00  1.0419654E+06
 1.0494409E+00  1.0464012E+06
 1.0574771E+00  1.0488124E+06
 1.0655135E+00  1.0472218E+06
 1.0735497E+00  1.0534064E+06
 1.0815860E+00  1.0561902E+06
 1.0896223E+00  1.0579868E+06
 1.0976585E+00  1.0591685E+06
 1.1056948E+00  1.0627461E+06
 1.1137310E+00  1.0716460E+06
 1.1217673E+00  1.0716901E+06
 1.1298035E+00  1.0668868E+06
 1.1378398E+00  1.0741232E+06
 1.1458760E+00  1.0817996E+06
 1.1539123E+00  1.0805459E+06
 1.1619487E+00  1.0803439E+06
 1.1699849E+00  1.0785384E+06
 1.1780212E+00  1.0833132E+06
 1.1860574E+00  1.0912260E+06
 1.1940937E+00  1.0877360E+06
 1.2021300E+00  1.0753961E+06
 1.2101662E+00  1.0834341E+06
 1.2182025E+00  1.0914666E+06
 1.2262387E+00  1.0894035E+06
 1.2342750E+00  1.0779478E+06
 1.2423114E+00  1.0763698E+06
 1.2503476E+00  1.0816414E+06
 1.2583839E+00  1.0801242E+06
 1.2664201E+00  1.0887896E+06
 1.2744564E+00  1.0830586E+06
 1.2824926E+00  1.0912369E+06
 1.2905289E+00  1.0801538E+06
 1.2985651E+00  1.0861275E+06
 1.3066014E+00  1.0768732E+06
 1.3146377E+00  1.0745684E+06
 1.3226740E+00  1.0668094E+06
 1.3307103E+00  1.0675168E+06
 1.3387465E+00  1.0611998E+06
 1.3467828E+00  1.0535445E+06
 1.3548191E+00  1.0609020E+06
 1.3628553E+00  1.0525548E+06
 1.3708916E+00  1.0409803E+06
 1.3789278E+00  1.0406864E+06
 1.3869641E+00  1.0496912E+06
 1.3950003E+00  1.0512139E+06
 1.4030367E+00  1.0418226E+06
 1.4110730E+00  1.0422245E+06
 1.4191092E+00  1.0406716E+06
 1.4271455E+00  1.0396619E+06
 1.4351817E+00  1.0338172E+06
 1.4432180E+00  1.0290478E+06
 1.4512542E+00  1.0333041E+06
 1.4592905E+00  1.0185559E+06
 1.4673268E+00  1.0081888E+06
 1.4753631E+00  1.0073649E+06
 1.4833994E+00  1.0001084E+06
 1.4914356E+00  1.0020391E+06
 1.4994719E+00  9.9271969E+05
 1.5075082E+00  9.9647812E+05
 1.5155444E+00  9.9269162E+05
 1.5235807E+00  9.8707744E+05
 1.5316169E+00  9.7913394E+05
 1.5396532E+00  9.8056794E+05
 1.5476894E+00  9.6784081E+05
 1.5557258E+00  9.5836200E+05
 1.5637621E+00  9.5487612E+05
 1.5717983E+00  9.5560831E+05
 1.5798346E+00  9.4523212E+05
 1.5878708E+00  9.4749388E+05
 1.5959071E+00  9.3951425E+05
 1.6039433E+00  9.3447431E+05
 1.6119796E+00  9.3088900E+05
 1.6200159E+00  9.2435138E+05
 1.6280521E+00  9.1949400E+05
 1.6360885E+00  9.2332544E+05
 1.6441247E+00  9.0594369E+05
 1.6521610E+00  9.0831131E+05
 1.6601973E+00  9.0228169E+05
 1.6682335E+00  8.8990588E+05
 1.6762698E+00  8.8761100E+05
 1.6843060E+00  8.8520588E+05
 1.6923423E+00  8.7354769E+05
 1.7003785E+00  8.7094488E+05
 1.7084148E+00  8.6712294E+05
 1.7164512E+00  8.5826700E+05
 1.7244874E+00  8.5564581E+05
 1.7325237E+00  8.5239088E+05
 1.7405599E+00  8.4662238E+05
 1.7485962E+00  8.3695456E+05
 1.7566324E+00  8.3759131E+05
 1.7646687E+00  8.3345800E+05
 1.7727050E+00  8.2498238E+05
 1.7807412E+00  8.1902212E+05
 1.7887775E+00  8.1437006E+05
 1.7968138E+00  8.0793069E+05
 1.8048501E+00  7.9817238E+05
 1.8128864E+00  7.9475006E+05
 1.8209226E+00  7.9246538E+05
 1.8289589E+00  7.8273838E+05
 1.8369951E+00  7.7789388E+05
 1.8450314E+00  7.6856019E+05
 1.8530676E+00  7.6607431E+05
 1.8611039E+00  7.6354625E+05
 1.8691401E+00  7.5420925E+05
 1.8771765E+00  7.5014112E+05
 1.8852128E+00  7.4113050E+05
 1.8932490E+00  7.3727644E+05
 1.9012853E+00  7.3560725E+05
 1.9093215E+00  7.3261656E+05
 1.9173578E+00  7.2628112E+05
 1.9253941E+00  7.2229419E+05
 1.9334303E+00  7.2204944E+05
 1.9414666E+00  7.2168725E+05
 1.9495029E+00  7.1039631E+05
 1.9575392E+00  6.9864319E+05
 1.9655755E+00  6.9096800E+05
 1.9736117E+00  6.9023025E+05
 1.9816480E+00  6.8040719E+05
 1.9896842E+00  6.8243931E+05
 1.9977205E+00  6.7865056E+05
 2.0057569E+00  6.7548531E+05
 2.0137930E+00  6.7076775E+05
 2.0218294E+00  6.6399188E+05
 2.0298657E+00  6.6029994E+05
 2.0379019E+00  6.5299506E+05
 2.0459383E+00  6.4742331E+05
 2.0539744E+00  6.4265869E+05
 2.0620108E+00  6.3950231E+05
 2.0700469E+00  6.3123056E+05
 2.0780833E+00  6.3031638E+05
 2.0861194E+00  6.3007881E+05
 2.0941558E+00  6.2113481E+05
 2.1021919E+00  6.2001394E+05
 2.1102283E+00  6.1448538E+05
 2.1182647E+00  6.1199575E+05
 2.1263008E+00  6.0494844E+05
 2.1343369E+00  6.0318838E+05
 2.1423733E+00  5.9729425E+05
 2.1504097E+00  5.9584644E+05
 2.1584458E+00  5.9088469E+05
 2.1664822E+00  5.8370362E+05
 2.1745183E+00  5.7434406E+05
 2.1825547E+00  5.7479262E+05
 2.1905909E+00  5.7908812E+05
 2.1986272E+00  5.7243538E+05
 2.2066634E+00  5.6529344E+05
 2.2146997E+00  5.6027531E+05
 2.2227359E+00  5.5950688E+05
 2.2307723E+00  5.5648562E+05
 2.2388086E+00  5.5069562E+05
 2.2468448E+00  5.5078344E+05
 2.2548811E+00  5.5295925E+05
 2.2629173E+00  5.4246556E+05
 2.2709537E+00  5.4059562E+05
 2.2789898E+00  5.3694719E+05
 2.2870262E+00  5.3683238E+05
 2.2950623E+00  5.2730325E+05
 2.3030987E+00  5.2714825E+05
 2.3111351E+00  5.2163950E+05
 2.3191712E+00  5.2320712E+05
 2.3272076E+00  5.2173756E+05
 2.3352437E+00  5.1401747E+05
 2.3432801E+00  5.1286838E+05
 2.3513162E+00  5.1390272E+05
 2.3593526E+00  5.1200853E+05
 2.3673887E+00  5.1272575E+05
 2.3754251E+00  5.0446491E+05
 2.3834612E+00  5.0318169E+05
 2.3914976E+00  4.9974997E+05
 2.3995340E+00  4.9645097E+05
 2.4075701E+00  5.0019722E+05
 2.4156065E+00  4.9798903E+05
 2.4236426E+00  4.8969031E+05
 2.4316790E+00  4.8619056E+05
 2.4397151E+00  4.8604081E+05
 2.4477515E+00  4.8591716E+05
 2.4557877E+00  4.8098316E+05
 2.4638240E+00  4.8008606E+05
 2.4718604E+00  4.7729834E+05
 2.4798965E+00  4.7973353E+05
 2.4879329E+00  4.7625025E+05
 2.4959691E+00  4.7050100E+05
 2.5040054E+00  4.7024484E+05
 2.5120416E+00  4.7303481E+05
 2.5200779E+00  4.6909888E+05
 2.5281141E+00  4.5693647E+05
 2.5361505E+00  4.5997116E+05
 2.5441868E+00  4.6328222E+05
 2.5522230E+00  4.6980484E+05
 2.5602593E+00  4.6318956E+05
 2.5682955E+00  4.5587494E+05
 2.5763319E+00  4.6141919E+05
 2.5843680E+00  4.6244247E+05
 2.5924044E+00  4.5089344E+05
 2.6004405E+00  4.5004709E+05
 2.6084769E+00  4.4748128E+05
 2.6165130E+00  4.4795981E+05
 2.6245494E+00  4.5295231E+05
 2.6325858E+00  4.5431878E+05
 2.6406219E+00  4.4769338E+05
 2.6486583E+00  4.4688191E+05
 2.6566944E+00  4.4491797E+05
 2.6647308E+00  4.4448878E+05
 2.6727669E+00  4.4380972E+05
 2.6808033E+00  4.3910766E+05
 2.6888394E+00  4.4392562E+05
 2.6968758E+00  4.4372156E+05
 2.7049122E+00  4.4133094E+05
 2.7129483E+00  4.3839238E+05
 2.7209847E+00  4.3911859E+05
 2.7290208E+00  4.3363625E+05
 2.7370572E+00  4.3007884E+05
 2.7450933E+00  4.3257772E+05
 2.7531297E+00  4.3394038E+05
 2.7611659E+00  4.3248822E+05
 2.7692022E+00  4.2926472E+05
 2.7772384E+00  4.3490153E+05
 2.7852747E+00  4.3072047E+05
 2.7933111E+00  4.3681728E+05
 2.8013473E+00  4.3066881E+05
 2.8093836E+00  4.3053081E+05
 2.8174198E+00  4.2694197E+05
 2.8254561E+00  4.3167141E+05
 2.8334923E+00  4.3134216E+05
 2.8415287E+00  4.2823216E+05
 2.8495648E+00  4.3576422E+05
 2.8576012E+00  4.3211147E+05
 2.8656375E+00  4.2289644E+05
 2.8736737E+00  4.2349228E+05
 2.8817101E+00  4.2619856E+05
 2.8897462E+00  4.2809103E+05
 2.8977826E+00  4.2190303E+05
 2.9058187E+00  4.2015303E+05
 2.9138551E+00  4.2234078E+05
 2.9218912E+00  4.2639559E+05
 2.9299276E+00  4.2877081E+05
 2.9379637E+00  4.2480666E+05
 2.9460001E+00  4.2402309E+05
 2.9540365E+00  4.2094803E+05
 2.9620726E+00  4.2387025E+05
 2.9701090E+00  4.2350794E+05
 2.9781451E+00  4.2365959E+05
 2.9861815E+00  4.2463234E+05
 2.9942176E+00  4.2595469E+05
 3.0022540E+00  4.1996472E+05
 3.0102901E+00  4.2036531E+05
 3.0183265E+00  4.1929022E+05
 3.0263629E+00  4.2199188E+05
 3.0343990E+00  4.1740094E+05
 3.0424354E+00  4.2130375E+05
 3.0504715E+00  4.1540094E+05
 3.0585079E+00  4.1108869E+05
 3.0665441E+00  4.2224950E+05
 3.0745804E+00  4.2167506E+05
 3.0826166E+00  4.2719234E+05
 3.0906529E+00  4.2034422E+05
 3.0986893E+00  4.1744184E+05
 3.1067255E+00  4.2089931E+05
 3.1147618E+00  4.1716909E+05
 3.1227980E+00  4.1695359E+05
 3.1308343E+00  4.1983350E+05
 3.1388705E+00  4.1575700E+05
 3.1469069E+00  4.1175200E+05
 3.1549430E+00  4.1156103E+05
 3.1629794E+00  4.1992491E+05
 3.1710155E+00  4.1828141E+05
 3.1790519E+00  4.1773522E+05
 3.1870883E+00  4.1366419E+05
 3.1951244E+00  4.1675628E+05
 3.2031608E+00  4.0910969E+05
 3.2111969E+00  4.0931884E+05
 3.2192333E+00  4.0819941E+05
 3.2272694E+00  4.1390844E+05
 3.2353058E+00  4.0855097E+05
 3.2433419E+00  4.0371694E+05
 3.2513783E+00  4.0736147E+05
 3.2594147E+00  4.1404875E+05
 3.2674508E+00  4.0784650E+05
 3.2754872E+00  4.0637728E+05
 3.2835233E+00  4.0644253E+05
 3.2915597E+00  4.0312722E+05
 3.2995958E+00  4.0802834E+05
 3.3076322E+00  4.1179534E+05
 3.3156683E+00  4.0669728E+05
 3.3237047E+00  4.0262831E+05
 3.3317409E+00  4.0060356E+05
 3.3397772E+00  4.0394544E+05
 3.3478136E+00  4.0147462E+05
 3.3558497E+00  4.0557300E+05
 3.3638861E+00  4.0039300E+05
 3.3719223E+00  3.9751122E+05
 3.3799586E+00  4.0147316E+05
 3.3879948E+00  4.0386306E+05
 3.3960311E+00  4.0407812E+05
 3.4040673E+00  4.0300234E+05
 3.4121037E+00  4.0334194E+05
 3.4201400E+00  4.0024306E+05
 3.4281762E+00  4.0508653E+05
 3.4362125E+00  4.0539859E+05
 3.4442487E+00  4.0759803E+05
 3.4522851E+00  4.0282666E+05
 3.4603212E+00  4.0697694E+05
 3.4683576E+00  3.9480047E+05
 3.4763937E+00  3.9860666E+05
 3.4844301E+00  4.0456372E+05
 3.4924664E+00  4.0239691E+05
 3.5005026E+00  4.0360688E+05
 3.5085390E+00  4.0458425E+05
 3.5165751E+00  4.0133838E+05
 3.5246115E+00  4.0453919E+05
 3.5326476E+00  4.0127441E+05
 3.5406840E+00  3.9673434E+05
 3.5487201E+00  3.8855891E+05
 3.5567565E+00  3.9601694E+05
 3.5647926E+00  3.9701116E+05
 3.5728290E+00  3.9777441E+05
 3.5808654E+00  4.0010328E+05
 3.5889015E+00  3.9563691E+05
 3.5969379E+00  4.0637731E+05
 3.6049740E+00  3.9981788E+05
 3.6130104E+00  4.0044172E+05
 3.6210465E+00  3.9814059E+05
 3.6290829E+00  3.9977038E+05
 3.6371191E+00  3.9590769E+05
 3.6451554E+00  3.9471062E+05
 3.6531918E+00  3.9741769E+05
 3.6612279E+00  4.0129144E+05
 3.6692643E+00  3.9376656E+05
 3.6773005E+00  3.9703550E+05
 3.6853368E+00  4.0372666E+05
 3.6933730E+00  3.9475297E+05
 3.7014093E+00  3.9183809E+05
 3.7094455E+00  3.9670203E+05
 3.7174819E+00  3.9416088E+05
 3.7255180E+00  3.9747316E+05
 3.7335544E+00  3.9444803E+05
 3.7415907E+00  3.9367384E+05
 3.7496269E+00  4.0029944E+05
 3.7576632E+00  3.9249628E+05
 3.7656994E+00  3.9213441E+05
 3.7737358E+00  3.9574934E+05
 3.7817719E+00  3.9502819E+05
 3.7898083E+00  3.8630616E+05
 3.7978444E+00  3.9574847E+05
 3.8058808E+00  3.9757969E+05
 3.8139172E+00  3.9441131E+05
 3.8219533E+00  3.9322797E+05
 3.8299897E+00  3.9147016E+05
 3.8380258E+00  3.9529922E+05
 3.8460622E+00  3.9904388E+05
 3.8540983E+00  3.8987703E+05
 3.8621347E+00  3.9745156E+05
 3.8701708E+00  3.9315112E+05
 3.8782072E+00  3.9521209E+05
 3.8862433E+00  3.9755188E+05
 3.8942797E+00  3.9214709E+05
 3.9023161E+00  3.9564897E+05
 3.9103522E+00  3.9715966E+05
 3.9183886E+00  3.8804650E+05
 3.9264247E+00  3.9295072E+05
 3.9344611E+00  3.9190597E+05
 3.9424973E+00  3.9046472E+05
 3.9505336E+00  3.9679931E+05
 3.9585698E+00  3.9287953E+05
 3.9666061E+00  3.9527719E+05
 3.9746425E+00  3.9193000E+05
 3.9826787E+00  3.9058103E+05
 3.9907150E+00  3.9113262E+05
 3.9987512E+00  3.9422275E+05
 4.0067878E+00  3.9640203E+05
 4.0148239E+00  3.9315031E+05
 4.0228601E+00  3.9044516E+05
 4.0308962E+00  3.9282178E+05
 4.0389328E+00  3.9714234E+05
 4.0469689E+00  3.9354459E+05
 4.0550051E+00  3.8930819E+05
 4.0630417E+00  3.9269225E+05
 4.0710778E+00  3.9822572E+05
 4.0791140E+00  3.9031322E+05
 4.0871501E+00  3.9392647E+05
 4.0951867E+00  3.9820147E+05
 4.1032228E+00  3.9465553E+05
 4.1112590E+00  3.9858553E+05
 4.1192951E+00  3.9396966E+05
 4.1273317E+00  3.9439109E+05
 4.1353679E+00  3.9443747E+05
 4.1434040E+00  3.9331188E+05
 4.1514401E+00  3.9852034E+05
 4.1594768E+00  3.9391244E+05
 4.1675129E+00  3.9526938E+05
 4.1755490E+00  3.9433522E+05
 4.1835852E+00  3.8918878E+05
 4.1916218E+00  3.8821334E+05
 4.1996579E+00  3.9337328E+05
 4.2076941E+00  3.8984788E+05
 4.2157307E+00  3.9084862E+05
 4.2237668E+00  3.8902459E+05
 4.2318029E+00  3.8715972E+05
 4.2398391E+00  3.9749478E+05
 4.2478757E+00  3.9331125E+05
 4.2559118E+00  3.9181488E+05
 4.2639480E+00  3.9719419E+05
 4.2719841E+00  3.9312550E+05
 4.2800207E+00  3.9092581E+05
 4.2880569E+00  3.9163325E+05
 4.2960930E+00  3.9147362E+05
 4.3041296E+00  3.9380838E+05
 4.3121657E+00  3.9276250E+05
 4.3202019E+00  3.9667172E+05
 4.3282380E+00  3.9339409E+05
 4.3362746E+00  3.9105038E+05
 4.3443108E+00  3.9044541E+05
 4.3523469E+00  3.8775275E+05
 4.3603830E+00  3.8694838E+05
 4.3684196E+00  3.9757275E+05
 4.3764558E+00  3.9353916E+05
 4.3844919E+00  3.8945625E+05
 4.3925285E+00  3.8706697E+05
 4.4005647E+00  3.9370131E+05
 4.4086008E+00  3.9062253E+05
 4.4166369E+00  3.8929562E+05
 4.4246736E+00  3.9598712E+05
 4.4327097E+00  3.9436666E+05
 4.4407458E+00  3.9743691E+05
 4.4487824E+00  3.9925162E+05
 4.4568186E+00  3.9546438E+05
 4.4648547E+00  3.9116400E+05
 4.4728909E+00  3.9043988E+05
 4.4809275E+00  3.9238881E+05
 4.4889636E+00  3.9501984E+05
 4.4969997E+00  3.9396353E+05
 4.5050359E+00  3.8867012E+05
 4.5130725E+00  3.9969538E+05
 4.5211086E+00  3.9796409E+05
 4.5291448E+00  3.9612375E+05
 4.5371814E+00  3.9027825E+05
 4.5452175E+00  3.8563562E+05
 4.5532537E+00  3.9614516E+05
 4.5612898E+00  3.9285472E+05
 4.5693264E+00  3.9605331E+05
 4.5773625E+00  3.9733191E+05
 4.5853987E+00  3.9525759E+05
 4.5934348E+00  3.9545997E+05
 4.6014714E+00  3.9625262E+05
 4.6095076E+00  3.9923338E+05
 4.6175437E+00  3.9904441E+05
 4.6255803E+00  3.9882125E+05
 4.6336164E+00  3.9783812E+05
 4.6416526E+00  3.9636644E+05
 4.6496887E+00  3.9495266E+05
 4.6577253E+00  3.9358019E+05
 4.6657615E+00  3.9753269E+05
 4.6737976E+00  3.9364500E+05
 4.6818342E+00  3.9896325E+05
 4.6898704E+00  3.9738291E+05
 4.6979065E+00  3.9740219E+05
 4.7059426E+00  4.0265625E+05
 4.7139792E+00  3.9943288E+05
 4.7220154E+00  3.9687078E+05
 4.7300515E+00  3.9340778E+05
 4.7380877E+00  3.9774488E+05
 4.7461243E+00  3.9963422E+05
 4.7541604E+00  3.9653241E+05
 4.7621965E+00  3.9821572E+05
 4.7702332E+00  3.9371309E+05
 4.7782693E+00  3.9951262E+05
 4.7863054E+00  4.0758091E+05
 4.7943416E+00  4.0287062E+05
 4.8023782E+00  4.0139522E+05
 4.8104143E+00  3.9763625E+05
 4.8184505E+00  4.0481481E+05
 4.8264866E+00  3.9498334E+05
 4.8345232E+00  4.0221038E+05
 4.8425593E+00  4.0995728E+05
 4.8505955E+00  3.9894291E+05
 4.8586321E+00  4.0222747E+05
 4.8666682E+00  4.0578669E+05
 4.8747044E+00  3.9261438E+05
 4.8827405E+00  3.8960159E+05
 4.8907771E+00  3.9800141E+05
 4.8988132E+00  3.9283109E+05
 4.9068494E+00  4.0611294E+05
 4.9148855E+00  4.1245119E+05
 4.9229221E+00  4.0648862E+05
 4.9309583E+00  3.9790872E+05
 4.9389944E+00  3.9375716E+05
 4.9470310E+00  4.1290475E+05
 4.9550672E+00  4.0983431E+05
 4.9631033E+00  4.0167675E+05
 4.9711394E+00  4.1026250E+05
 4.9791760E+00  3.9344228E+05
 4.9872122E+00  3.9441791E+05
 4.9952483E+00  3.9862291E+05
 5.0032849E+00  4.0664672E+05
 5.0113211E+00  3.8853481E+05
 5.0193572E+00  3.9497847E+05
