 1.3330637E-01  9.8555840E+03
 1.4134264E-01  4.8430552E+03
 1.4937891E-01  2.9441948E+03
 1.5741518E-01 -1.0318392E+04
 1.6545145E-01 -5.4862275E+03
 1.7348772E-01  1.3199506E+04
 1.8152398E-01  1.2295004E+03
 1.8956025E-01  4.4856113E+03
 1.9759652E-01  6.0054595E+03
 2.0563278E-01 -2.1021653E+03
 2.1366906E-01 -4.8893545E+03
 2.2170532E-01  2.2031707E+04
 2.2974159E-01  2.0203616E+03
 2.3777786E-01 -6.1938555E+03
 2.4581413E-01 -7.5147937E+02
 2.5385040E-01  1.5338572E+04
 2.6188666E-01  9.5527861E+03
 2.6992291E-01 -6.8498115E+03
 2.7795920E-01 -6.5361914E+03
 2.8599548E-01 -2.2805889E+03
 2.9403174E-01  2.3419543E+03
 3.0206800E-01  1.3782323E+04
 3.1010425E-01  1.5829009E+03
 3.1814054E-01  1.0493287E+04
 3.2617682E-01  9.8346025E+03
 3.3421308E-01  4.9724704E+02
 3.4224933E-01  4.5255112E+03
 3.5028559E-01  1.9791316E+04
 3.5832188E-01  1.5251310E+04
 3.6635816E-01  1.3876323E+04
 3.7439442E-01  2.2507961E+04
 3.8243067E-01  1.5589530E+04
 3.9046693E-01  2.2094568E+04
 3.9850324E-01  2.2070695E+04
 4.0653950E-01  2.1510637E+04
 4.1457576E-01  2.1442021E+04
 4.2261201E-01  2.8109287E+04
 4.3064827E-01  1.5846092E+04
 4.3868458E-01  2.0638980E+04
 4.4672084E-01  3.5879066E+04
 4.5475709E-01  3.0688139E+04
 4.6279335E-01  3.0350578E+04
 4.7082961E-01  2.8370248E+04
 4.7886592E-01  3.9230902E+04
 4.8690218E-01  4.3342562E+04
 4.9493843E-01  3.5025613E+04
 5.0297469E-01  4.3251891E+04
 5.1101094E-01  4.1371328E+04
 5.1904726E-01  4.5610258E+04
 5.2708352E-01  5.3297633E+04
 5.3511977E-01  6.6287508E+04
 5.4315603E-01  6.1443078E+04
 5.5119228E-01  5.6805609E+04
 5.5922860E-01  6.8991727E+04
 5.6726485E-01  8.3931336E+04
 5.7530111E-01  7.7954555E+04
 5.8333737E-01  9.1043648E+04
 5.9137362E-01  9.1450125E+04
 5.9940994E-01  9.4761547E+04
 6.0744619E-01  1.0424977E+05
 6.1548245E-01  1.0896984E+05
 6.2351871E-01  9.7579469E+04
 6.3155502E-01  1.0961870E+05
 6.3959128E-01  1.2348012E+05
 6.4762753E-01  1.2813732E+05
 6.5566379E-01  1.3152739E+05
 6.6370010E-01  1.3869366E+05
 6.7173636E-01  1.4019195E+05
 6.7977262E-01  1.3779873E+05
 6.8780887E-01  1.4632148E+05
 6.9584513E-01  1.4383719E+05
 7.0388144E-01  1.4410814E+05
 7.1191770E-01  1.5384123E+05
 7.1995395E-01  1.4560727E+05
 7.2799021E-01  1.6114017E+05
 7.3602647E-01  1.6952944E+05
 7.4406278E-01  1.7306633E+05
 7.5209904E-01  1.6746400E+05
 7.6013529E-01  1.7141286E+05
 7.6817155E-01  1.8909962E+05
 7.7620780E-01  1.8789823E+05
 7.8424412E-01  1.8364820E+05
 7.9228038E-01  1.9593598E+05
 8.0031663E-01  1.8914853E+05
 8.0835289E-01  1.9673567E+05
 8.1638914E-01  1.9776214E+05
 8.2442546E-01  2.0692597E+05
 8.3246171E-01  2.0673439E+05
 8.4049797E-01  2.0550409E+05
 8.4853423E-01  2.1073858E+05
 8.5657048E-01  2.0888795E+05
 8.6460680E-01  2.1842834E+05
 8.7264305E-01  2.2774023E+05
 8.8067931E-01  2.2186334E+05
 8.8871557E-01  2.1010266E+05
 8.9675182E-01  2.1775912E+05
 9.0478814E-01  2.2188592E+05
 9.1282439E-01  2.2394933E+05
 9.2086065E-01  2.3481408E+05
 9.2889690E-01  2.4172028E+05
 9.3693316E-01  2.4957211E+05
 9.4496948E-01  2.4533558E+05
 9.5300573E-01  2.4308819E+05
 9.6104199E-01  2.4510338E+05
 9.6907824E-01  2.5067644E+05
 9.7711450E-01  2.5319977E+05
 9.8515081E-01  2.4747588E+05
 9.9318707E-01  2.5218536E+05
 1.0012233E+00  2.6149998E+05
 1.0092596E+00  2.6663238E+05
 1.0172958E+00  2.6280981E+05
 1.0253321E+00  2.6502409E+05
 1.0333683E+00  2.6405231E+05
 1.0414046E+00  2.6768731E+05
 1.0494409E+00  2.7527556E+05
 1.0574771E+00  2.7860459E+05
 1.0655135E+00  2.8299922E+05
 1.0735497E+00  2.8196962E+05
 1.0815860E+00  2.7725034E+05
 1.0896223E+00  2.7321697E+05
 1.0976585E+00  2.8493066E+05
 1.1056948E+00  2.9081228E+05
 1.1137310E+00  2.8565062E+05
 1.1217673E+00  2.9546247E+05
 1.1298035E+00  3.0098581E+05
 1.1378398E+00  3.0109294E+05
 1.1458760E+00  3.0378209E+05
 1.1539123E+00  3.0627341E+05
 1.1619487E+00  3.0784956E+05
 1.1699849E+00  3.1024931E+05
 1.1780212E+00  3.0584566E+05
 1.1860574E+00  3.1165738E+05
 1.1940937E+00  3.1826325E+05
 1.2021300E+00  3.2143097E+05
 1.2101662E+00  3.2199606E+05
 1.2182025E+00  3.2800953E+05
 1.2262387E+00  3.2855847E+05
 1.2342750E+00  3.4156431E+05
 1.2423114E+00  3.3254369E+05
 1.2503476E+00  3.3551000E+05
 1.2583839E+00  3.3480588E+05
 1.2664201E+00  3.3817428E+05
 1.2744564E+00  3.4038834E+05
 1.2824926E+00  3.4192303E+05
 1.2905289E+00  3.4503606E+05
 1.2985651E+00  3.4553734E+05
 1.3066014E+00  3.5297916E+05
 1.3146377E+00  3.4950097E+05
 1.3226740E+00  3.4530066E+05
 1.3307103E+00  3.5026531E+05
 1.3387465E+00  3.5065138E+05
 1.3467828E+00  3.5610147E+05
 1.3548191E+00  3.4989566E+05
 1.3628553E+00  3.5286300E+05
 1.3708916E+00  3.5481022E+05
 1.3789278E+00  3.6593350E+05
 1.3869641E+00  3.5364869E+05
 1.3950003E+00  3.6777225E+05
 1.4030367E+00  3.7533188E+05
 1.4110730E+00  3.6227188E+05
 1.4191092E+00  3.7263391E+05
 1.4271455E+00  3.7037688E+05
 1.4351817E+00  3.7350325E+05
 1.4432180E+00  3.6794991E+05
 1.4512542E+00  3.6486069E+05
 1.4592905E+00  3.6638294E+05
 1.4673268E+00  3.6662906E+05
 1.4753631E+00  3.6686334E+05
 1.4833994E+00  3.7217097E+05
 1.4914356E+00  3.6614044E+05
 1.4994719E+00  3.7446806E+05
 1.5075082E+00  3.7722659E+05
 1.5155444E+00  3.7522856E+05
 1.5235807E+00  3.7873381E+05
 1.5316169E+00  3.7989925E+05
 1.5396532E+00  3.7223309E+05
 1.5476894E+00  3.7569762E+05
 1.5557258E+00  3.7313684E+05
 1.5637621E+00  3.6926466E+05
 1.5717983E+00  3.7532000E+05
 1.5798346E+00  3.7550056E+05
 1.5878708E+00  3.7880519E+05
 1.5959071E+00  3.6798147E+05
 1.6039433E+00  3.6065225E+05
 1.6119796E+00  3.7503616E+05
 1.6200159E+00  3.8074556E+05
 1.6280521E+00  3.7736431E+05
 1.6360885E+00  3.7554241E+05
 1.6441247E+00  3.7265891E+05
 1.6521610E+00  3.6681191E+05
 1.6601973E+00  3.6550969E+05
 1.6682335E+00  3.6923725E+05
 1.6762698E+00  3.7214050E+05
 1.6843060E+00  3.6581162E+05
 1.6923423E+00  3.6046984E+05
 1.7003785E+00  3.7278534E+05
 1.7084148E+00  3.6514247E+05
 1.7164512E+00  3.6345703E+05
 1.7244874E+00  3.6474906E+05
 1.7325237E+00  3.5758669E+05
 1.7405599E+00  3.5898038E+05
 1.7485962E+00  3.6244447E+05
 1.7566324E+00  3.5770097E+05
 1.7646687E+00  3.5507138E+05
 1.7727050E+00  3.4812166E+05
 1.7807412E+00  3.4595034E+05
 1.7887775E+00  3.5747872E+05
 1.7968138E+00  3.6005250E+05
 1.8048501E+00  3.4883944E+05
 1.8128864E+00  3.4583900E+05
 1.8209226E+00  3.4632859E+05
 1.8289589E+00  3.4467984E+05
 1.8369951E+00  3.4065609E+05
 1.8450314E+00  3.4330472E+05
 1.8530676E+00  3.4210428E+05
 1.8611039E+00  3.4145634E+05
 1.8691401E+00  3.3905616E+05
 1.8771765E+00  3.4224334E+05
 1.8852128E+00  3.4114597E+05
 1.8932490E+00  3.3133709E+05
 1.9012853E+00  3.2485419E+05
 1.9093215E+00  3.2663509E+05
 1.9173578E+00  3.2391938E+05
 1.9253941E+00  3.1786369E+05
 1.9334303E+00  3.1523800E+05
 1.9414666E+00  3.1979019E+05
 1.9495029E+00  3.2091834E+05
 1.9575392E+00  3.2048678E+05
 1.9655755E+00  3.2009472E+05
 1.9736117E+00  3.1157919E+05
 1.9816480E+00  3.0978512E+05
 1.9896842E+00  3.0580819E+05
 1.9977205E+00  3.0051056E+05
 2.0057569E+00  2.9630559E+05
 2.0137930E+00  3.0013922E+05
 2.0218294E+00  2.9740756E+05
 2.0298657E+00  2.9692841E+05
 2.0379019E+00  2.9610741E+05
 2.0459383E+00  3.0060781E+05
 2.0539744E+00  2.9369209E+05
 2.0620108E+00  2.8157862E+05
 2.0700469E+00  2.8166781E+05
 2.0780833E+00  2.7769572E+05
 2.0861194E+00  2.7827825E+05
 2.0941558E+00  2.8072656E+05
 2.1021919E+00  2.7234538E+05
 2.1102283E+00  2.6531678E+05
 2.1182647E+00  2.6541369E+05
 2.1263008E+00  2.6901828E+05
 2.1343369E+00  2.6839238E+05
 2.1423733E+00  2.6546659E+05
 2.1504097E+00  2.5448844E+05
 2.1584458E+00  2.6001006E+05
 2.1664822E+00  2.5259692E+05
 2.1745183E+00  2.4966361E+05
 2.1825547E+00  2.4647978E+05
 2.1905909E+00  2.4750273E+05
 2.1986272E+00  2.3990097E+05
 2.2066634E+00  2.3987034E+05
 2.2146997E+00  2.3772550E+05
 2.2227359E+00  2.3963344E+05
 2.2307723E+00  2.4054198E+05
 2.2388086E+00  2.2841055E+05
 2.2468448E+00  2.3426831E+05
 2.2548811E+00  2.2678889E+05
 2.2629173E+00  2.2715070E+05
 2.2709537E+00  2.2946442E+05
 2.2789898E+00  2.1423188E+05
 2.2870262E+00  2.0360220E+05
 2.2950623E+00  2.0967431E+05
 2.3030987E+00  2.0934297E+05
 2.3111351E+00  2.1309242E+05
 2.3191712E+00  2.1125930E+05
 2.3272076E+00  2.0786347E+05
 2.3352437E+00  2.0310266E+05
 2.3432801E+00  2.0354464E+05
 2.3513162E+00  1.9521248E+05
 2.3593526E+00  1.9667761E+05
 2.3673887E+00  1.9310783E+05
 2.3754251E+00  1.8536502E+05
 2.3834612E+00  1.9325244E+05
 2.3914976E+00  1.8966358E+05
 2.3995340E+00  1.8662548E+05
 2.4075701E+00  1.8074388E+05
 2.4156065E+00  1.7708267E+05
 2.4236426E+00  1.8277802E+05
 2.4316790E+00  1.7853630E+05
 2.4397151E+00  1.7295809E+05
 2.4477515E+00  1.7344216E+05
 2.4557877E+00  1.7442667E+05
 2.4638240E+00  1.7048472E+05
 2.4718604E+00  1.6046048E+05
 2.4798965E+00  1.5521862E+05
 2.4879329E+00  1.4684623E+05
 2.4959691E+00  1.5343964E+05
 2.5040054E+00  1.5278605E+05
 2.5120416E+00  1.4636862E+05
 2.5200779E+00  1.5195397E+05
 2.5281141E+00  1.4989998E+05
 2.5361505E+00  1.4225800E+05
 2.5441868E+00  1.4519236E+05
 2.5522230E+00  1.3961897E+05
 2.5602593E+00  1.4322336E+05
 2.5682955E+00  1.3789973E+05
 2.5763319E+00  1.4037920E+05
 2.5843680E+00  1.2897405E+05
 2.5924044E+00  1.2682063E+05
 2.6004405E+00  1.2919779E+05
 2.6084769E+00  1.2624175E+05
 2.6165130E+00  1.2882293E+05
 2.6245494E+00  1.1880304E+05
 2.6325858E+00  1.1907107E+05
 2.6406219E+00  1.1382952E+05
 2.6486583E+00  1.1815680E+05
 2.6566944E+00  1.1375896E+05
 2.6647308E+00  1.1518075E+05
 2.6727669E+00  1.1813395E+05
 2.6808033E+00  1.1069036E+05
 2.6888394E+00  1.0914403E+05
 2.6968758E+00  1.1179942E+05
 2.7049122E+00  1.0729747E+05
 2.7129483E+00  1.0357202E+05
 2.7209847E+00  1.0064438E+05
 2.7290208E+00  1.0265746E+05
 2.7370572E+00  1.0139825E+05
 2.7450933E+00  9.8956688E+04
 2.7531297E+00  8.7871750E+04
 2.7611659E+00  9.0539109E+04
 2.7692022E+00  9.2933312E+04
 2.7772384E+00  9.3433656E+04
 2.7852747E+00  9.1638094E+04
 2.7933111E+00  8.4537062E+04
 2.8013473E+00  9.2082516E+04
 2.8093836E+00  8.6116891E+04
 2.8174198E+00  7.7805789E+04
 2.8254561E+00  8.5066281E+04
 2.8334923E+00  9.0897102E+04
 2.8415287E+00  9.0743758E+04
 2.8495648E+00  8.5952148E+04
 2.8576012E+00  7.8057414E+04
 2.8656375E+00  8.1975664E+04
 2.8736737E+00  8.4448047E+04
 2.8817101E+00  7.1596258E+04
 2.8897462E+00  7.5539609E+04
 2.8977826E+00  7.8238461E+04
 2.9058187E+00  8.2776555E+04
 2.9138551E+00  7.4505086E+04
 2.9218912E+00  7.3572516E+04
 2.9299276E+00  6.9371414E+04
 2.9379637E+00  7.7267641E+04
 2.9460001E+00  6.9778578E+04
 2.9540365E+00  7.5398594E+04
 2.9620726E+00  6.6703469E+04
 2.9701090E+00  6.2893555E+04
 2.9781451E+00  6.9440805E+04
 2.9861815E+00  5.8651262E+04
 2.9942176E+00  6.0060539E+04
 3.0022540E+00  6.5905492E+04
 3.0102901E+00  6.0831375E+04
 3.0183265E+00  6.1699410E+04
 3.0263629E+00  5.9570559E+04
 3.0343990E+00  5.5967000E+04
 3.0424354E+00  6.0942363E+04
 3.0504715E+00  5.2902512E+04
 3.0585079E+00  5.6307531E+04
 3.0665441E+00  5.4222312E+04
 3.0745804E+00  5.3879625E+04
 3.0826166E+00  4.7945758E+04
 3.0906529E+00  6.1191309E+04
 3.0986893E+00  6.1004441E+04
 3.1067255E+00  5.8654645E+04
 3.1147618E+00  5.9282176E+04
 3.1227980E+00  5.1457273E+04
 3.1308343E+00  5.5466355E+04
 3.1388705E+00  4.9473000E+04
 3.1469069E+00  6.1609578E+04
 3.1549430E+00  5.7994586E+04
 3.1629794E+00  5.3638961E+04
 3.1710155E+00  5.2362062E+04
 3.1790519E+00  5.3350457E+04
 3.1870883E+00  5.6174184E+04
 3.1951244E+00  5.2561680E+04
 3.2031608E+00  5.4514047E+04
 3.2111969E+00  5.2563250E+04
 3.2192333E+00  5.0620113E+04
 3.2272694E+00  6.2236930E+04
 3.2353058E+00  5.3104422E+04
 3.2433419E+00  4.4962395E+04
 3.2513783E+00  4.2181527E+04
 3.2594147E+00  4.2635988E+04
 3.2674508E+00  4.8645941E+04
 3.2754872E+00  5.0171645E+04
 3.2835233E+00  4.6297418E+04
 3.2915597E+00  5.0778070E+04
 3.2995958E+00  4.9424859E+04
 3.3076322E+00  4.3665004E+04
 3.3156683E+00  4.2568922E+04
 3.3237047E+00  5.4103605E+04
 3.3317409E+00  4.3329383E+04
 3.3397772E+00  3.5961328E+04
 3.3478136E+00  4.9788066E+04
 3.3558497E+00  5.0001098E+04
 3.3638861E+00  4.5073871E+04
 3.3719223E+00  3.9477043E+04
 3.3799586E+00  3.9348492E+04
 3.3879948E+00  5.0066309E+04
 3.3960311E+00  4.0559094E+04
 3.4040673E+00  4.7484695E+04
 3.4121037E+00  4.7545188E+04
 3.4201400E+00  4.4226035E+04
 3.4281762E+00  3.8996793E+04
 3.4362125E+00  3.4456551E+04
 3.4442487E+00  4.3323598E+04
 3.4522851E+00  3.8279777E+04
 3.4603212E+00  4.1211203E+04
 3.4683576E+00  4.1949633E+04
 3.4763937E+00  4.4194727E+04
 3.4844301E+00  4.2341684E+04
 3.4924664E+00  4.0190762E+04
 3.5005026E+00  4.0628277E+04
 3.5085390E+00  3.4899660E+04
 3.5165751E+00  4.1950977E+04
 3.5246115E+00  3.6504977E+04
 3.5326476E+00  4.0881293E+04
 3.5406840E+00  4.0344746E+04
 3.5487201E+00  3.7041387E+04
 3.5567565E+00  4.6027918E+04
 3.5647926E+00  4.1552133E+04
 3.5728290E+00  4.6615449E+04
 3.5808654E+00  4.2482480E+04
 3.5889015E+00  5.1044609E+04
 3.5969379E+00  3.2482291E+04
 3.6049740E+00  3.5506938E+04
 3.6130104E+00  4.1388414E+04
 3.6210465E+00  4.1297586E+04
 3.6290829E+00  3.8821379E+04
 3.6371191E+00  4.5012348E+04
 3.6451554E+00  4.4352336E+04
 3.6531918E+00  4.9390047E+04
 3.6612279E+00  3.5105363E+04
 3.6692643E+00  4.3652074E+04
 3.6773005E+00  4.1270727E+04
 3.6853368E+00  4.0018316E+04
 3.6933730E+00  4.4194035E+04
 3.7014093E+00  5.0016109E+04
 3.7094455E+00  5.0778367E+04
 3.7174819E+00  4.2949238E+04
 3.7255180E+00  4.4393598E+04
 3.7335544E+00  3.8385434E+04
 3.7415907E+00  4.0107473E+04
 3.7496269E+00  3.9465539E+04
 3.7576632E+00  3.7437457E+04
 3.7656994E+00  3.8107395E+04
 3.7737358E+00  4.1903582E+04
 3.7817719E+00  3.5449770E+04
 3.7898083E+00  4.5488402E+04
 3.7978444E+00  3.8795973E+04
 3.8058808E+00  3.9422918E+04
 3.8139172E+00  3.6063375E+04
 3.8219533E+00  3.8533648E+04
 3.8299897E+00  3.9323191E+04
 3.8380258E+00  3.2098891E+04
 3.8460622E+00  3.5453539E+04
 3.8540983E+00  4.1087785E+04
 3.8621347E+00  3.9540473E+04
 3.8701708E+00  4.1892055E+04
 3.8782072E+00  4.2879980E+04
 3.8862433E+00  4.2613008E+04
 3.8942797E+00  4.0387312E+04
 3.9023161E+00  3.8694293E+04
 3.9103522E+00  4.3076641E+04
 3.9183886E+00  3.9598590E+04
 3.9264247E+00  4.1729332E+04
 3.9344611E+00  4.8367320E+04
 3.9424973E+00  4.3212391E+04
 3.9505336E+00  4.2607309E+04
 3.9585698E+00  3.9716484E+04
 3.9666061E+00  4.2047266E+04
 3.9746425E+00  4.8765914E+04
 3.9826787E+00  4.3897527E+04
 3.9907150E+00  4.2604203E+04
 3.9987512E+00  4.4885988E+04
 4.0067878E+00  4.1711820E+04
 4.0148239E+00  4.0576711E+04
 4.0228601E+00  3.9886836E+04
 4.0308962E+00  3.6270359E+04
 4.0389328E+00  3.8882445E+04
 4.0469689E+00  3.6138441E+04
 4.0550051E+00  3.8005863E+04
 4.0630417E+00  3.0242570E+04
 4.0710778E+00  3.7581305E+04
 4.0791140E+00  3.7634746E+04
 4.0871501E+00  4.1970512E+04
 4.0951867E+00  3.8127520E+04
 4.1032228E+00  4.5440910E+04
 4.1112590E+00  3.8926078E+04
 4.1192951E+00  3.4942625E+04
 4.1273317E+00  3.9686469E+04
 4.1353679E+00  3.4324430E+04
 4.1434040E+00  2.5339367E+04
 4.1514401E+00  3.4530328E+04
 4.1594768E+00  4.2804207E+04
 4.1675129E+00  3.4987441E+04
 4.1755490E+00  2.9177072E+04
 4.1835852E+00  3.9312031E+04
 4.1916218E+00  3.9752910E+04
 4.1996579E+00  4.5620617E+04
 4.2076941E+00  3.6763105E+04
 4.2157307E+00  4.2140059E+04
 4.2237668E+00  4.0786113E+04
 4.2318029E+00  4.2166941E+04
 4.2398391E+00  3.4547191E+04
 4.2478757E+00  3.8445551E+04
 4.2559118E+00  4.1690387E+04
 4.2639480E+00  4.0221781E+04
 4.2719841E+00  2.8194227E+04
 4.2800207E+00  3.6847227E+04
 4.2880569E+00  3.4238699E+04
 4.2960930E+00  3.4239074E+04
 4.3041296E+00  3.4390648E+04
 4.3121657E+00  3.5169203E+04
 4.3202019E+00  3.6112148E+04
 4.3282380E+00  3.6049953E+04
 4.3362746E+00  3.7439199E+04
 4.3443108E+00  2.9111912E+04
 4.3523469E+00  3.1152588E+04
 4.3603830E+00  3.9549055E+04
 4.3684196E+00  3.7782617E+04
 4.3764558E+00  3.9351422E+04
 4.3844919E+00  4.1484609E+04
 4.3925285E+00  3.8457418E+04
 4.4005647E+00  3.1230172E+04
 4.4086008E+00  3.8277363E+04
 4.4166369E+00  4.6171887E+04
 4.4246736E+00  3.3893531E+04
 4.4327097E+00  3.2907766E+04
 4.4407458E+00  3.6691141E+04
 4.4487824E+00  3.9362418E+04
 4.4568186E+00  3.5187660E+04
 4.4648547E+00  4.4194715E+04
 4.4728909E+00  3.5885605E+04
 4.4809275E+00  2.6039094E+04
 4.4889636E+00  3.5747609E+04
 4.4969997E+00  4.1765531E+04
 4.5050359E+00  4.7013707E+04
 4.5130725E+00  3.5517176E+04
 4.5211086E+00  4.1396078E+04
 4.5291448E+00  4.0817660E+04
 4.5371814E+00  3.1646285E+04
 4.5452175E+00  3.9229973E+04
 4.5532537E+00  3.0943748E+04
 4.5612898E+00  3.3646246E+04
 4.5693264E+00  3.7357449E+04
 4.5773625E+00  3.5528320E+04
 4.5853987E+00  3.0177178E+04
 4.5934348E+00  3.2561756E+04
 4.6014714E+00  3.5678504E+04
 4.6095076E+00  3.6045684E+04
 4.6175437E+00  3.7047914E+04
 4.6255803E+00  3.3134992E+04
 4.6336164E+00  3.2202410E+04
 4.6416526E+00  2.8004285E+04
 4.6496887E+00  3.3621844E+04
 4.6577253E+00  2.9639518E+04
 4.6657615E+00  2.6644168E+04
 4.6737976E+00  3.2497303E+04
 4.6818342E+00  3.7034441E+04
 4.6898704E+00  3.9052344E+04
 4.6979065E+00  4.0439527E+04
 4.7059426E+00  3.4846488E+04
 4.7139792E+00  3.8354762E+04
 4.7220154E+00  3.5221734E+04
 4.7300515E+00  3.0580432E+04
 4.7380877E+00  3.3807465E+04
 4.7461243E+00  3.7368750E+04
 4.7541604E+00  4.3605027E+04
 4.7621965E+00  3.6094625E+04
 4.7702332E+00  4.2162758E+04
 4.7782693E+00  3.4668348E+04
 4.7863054E+00  2.9133807E+04
 4.7943416E+00  3.8137020E+04
 4.8023782E+00  4.9438441E+04
 4.8104143E+00  4.5823621E+04
 4.8184505E+00  3.1511721E+04
 4.8264866E+00  4.9533066E+04
 4.8345232E+00  4.1580043E+04
 4.8425593E+00  4.5470574E+04
 4.8505955E+00  3.4327887E+04
 4.8586321E+00  3.4921824E+04
 4.8666682E+00  2.7037605E+04
 4.8747044E+00  3.4124316E+04
 4.8827405E+00  3.2863754E+04
 4.8907771E+00  4.1637660E+04
 4.8988132E+00  2.9061580E+04
 4.9068494E+00  3.1516506E+04
 4.9148855E+00  3.8222445E+04
 4.9229221E+00  2.8183453E+04
 4.9309583E+00  2.1297152E+04
 4.9389944E+00  3.1665566E+04
 4.9470310E+00  2.4400352E+04
 4.9550672E+00  2.8873436E+04
 4.9631033E+00  4.2326223E+04
 4.9711394E+00  2.1553721E+04
 4.9791760E+00  1.8512225E+04
 4.9872122E+00  3.3010188E+04
 4.9952483E+00  5.6444379E+04
 5.0032849E+00  3.9689883E+04
 5.0113211E+00  5.2356543E+04
 5.0193572E+00  3.4466320E+04
