 1.3330637E-01  2.7617951E+04
 1.4134264E-01  3.7808916E+03
 1.4937891E-01  8.0460339E+02
 1.5741518E-01 -5.0736509E+03
 1.6545145E-01 -1.4623109E+04
 1.7348772E-01  7.7230293E+03
 1.8152398E-01 -6.5628174E+03
 1.8956025E-01  8.4619551E+03
 1.9759652E-01  1.4934415E+04
 2.0563278E-01  7.6928374E+03
 2.1366906E-01 -5.2134893E+03
 2.2170532E-01  1.4753053E+04
 2.2974159E-01  2.4472938E+04
 2.3777786E-01 -1.0937089E+03
 2.4581413E-01 -6.5128906E+03
 2.5385040E-01  1.2393446E+04
 2.6188666E-01  2.2435207E+04
 2.6992291E-01  1.3644164E+03
 2.7795920E-01 -1.7098666E+04
 2.8599548E-01  8.3241240E+03
 2.9403174E-01  1.4906230E+04
 3.0206800E-01  1.4936668E+04
 3.1010425E-01  1.9076744E+04
 3.1814054E-01  1.4950488E+04
 3.2617682E-01  1.5440745E+04
 3.3421308E-01  1.5124985E+04
 3.4224933E-01  1.2381111E+04
 3.5028559E-01  9.0638789E+03
 3.5832188E-01  6.2652202E+03
 3.6635816E-01  1.6743154E+04
 3.7439442E-01  2.1722732E+04
 3.8243067E-01  1.9469070E+04
 3.9046693E-01  2.5217852E+04
 3.9850324E-01  1.2726381E+04
 4.0653950E-01  1.7208400E+04
 4.1457576E-01  1.4368776E+04
 4.2261201E-01  1.7739660E+04
 4.3064827E-01  1.5064783E+04
 4.3868458E-01  1.8356586E+04
 4.4672084E-01  2.5379557E+04
 4.5475709E-01  1.6783461E+04
 4.6279335E-01  2.4701342E+04
 4.7082961E-01  3.2774797E+04
 4.7886592E-01  4.2092477E+04
 4.8690218E-01  5.2406984E+04
 4.9493843E-01  4.0170738E+04
 5.0297469E-01  4.4702770E+04
 5.1101094E-01  5.0844469E+04
 5.1904726E-01  5.3041773E+04
 5.2708352E-01  5.6535438E+04
 5.3511977E-01  6.2040523E+04
 5.4315603E-01  6.5011848E+04
 5.5119228E-01  6.2591707E+04
 5.5922860E-01  7.4029094E+04
 5.6726485E-01  7.1522461E+04
 5.7530111E-01  7.7260875E+04
 5.8333737E-01  8.4074266E+04
 5.9137362E-01  8.7068703E+04
 5.9940994E-01  8.7227086E+04
 6.0744619E-01  9.1693203E+04
 6.1548245E-01  1.0363870E+05
 6.2351871E-01  1.0167736E+05
 6.3155502E-01  1.1059461E+05
 6.3959128E-01  1.0998187E+05
 6.4762753E-01  1.2468259E+05
 6.5566379E-01  1.3632761E+05
 6.6370010E-01  1.2766305E+05
 6.7173636E-01  1.4740770E+05
 6.7977262E-01  1.4524239E+05
 6.8780887E-01  1.3916325E+05
 6.9584513E-01  1.4149625E+05
 7.0388144E-01  1.4785897E+05
 7.1191770E-01  1.5356895E+05
 7.1995395E-01  1.5411925E+05
 7.2799021E-01  1.6179038E+05
 7.3602647E-01  1.6892241E+05
 7.4406278E-01  1.7470875E+05
 7.5209904E-01  1.8022934E+05
 7.6013529E-01  1.7129786E+05
 7.6817155E-01  1.8163189E+05
 7.7620780E-01  1.8567297E+05
 7.8424412E-01  1.8425959E+05
 7.9228038E-01  1.9612953E+05
 8.0031663E-01  1.9392862E+05
 8.0835289E-01  1.9691789E+05
 8.1638914E-01  2.0881662E+05
 8.2442546E-01  2.0054995E+05
 8.3246171E-01  2.0736847E+05
 8.4049797E-01  2.1177494E+05
 8.4853423E-01  2.1301514E+05
 8.5657048E-01  2.1218673E+05
 8.6460680E-01  2.1945638E+05
 8.7264305E-01  2.2326738E+05
 8.8067931E-01  2.2838272E+05
 8.8871557E-01  2.1226631E+05
 8.9675182E-01  2.2646675E+05
 9.0478814E-01  2.3036478E+05
 9.1282439E-01  2.2875141E+05
 9.2086065E-01  2.3406308E+05
 9.2889690E-01  2.4290033E+05
 9.3693316E-01  2.3720041E+05
 9.4496948E-01  2.3945973E+05
 9.5300573E-01  2.4516645E+05
 9.6104199E-01  2.5031720E+05
 9.6907824E-01  2.4612727E+05
 9.7711450E-01  2.4674633E+05
 9.8515081E-01  2.5165431E+05
 9.9318707E-01  2.5093778E+05
 1.0012233E+00  2.5241841E+05
 1.0092596E+00  2.6253066E+05
 1.0172958E+00  2.6367134E+05
 1.0253321E+00  2.5967219E+05
 1.0333683E+00  2.6517381E+05
 1.0414046E+00  2.7383584E+05
 1.0494409E+00  2.7845181E+05
 1.0574771E+00  2.7690291E+05
 1.0655135E+00  2.8580959E+05
 1.0735497E+00  2.7671544E+05
 1.0815860E+00  2.8052794E+05
 1.0896223E+00  2.8141044E+05
 1.0976585E+00  2.8770375E+05
 1.1056948E+00  2.8858438E+05
 1.1137310E+00  2.8754950E+05
 1.1217673E+00  2.9276656E+05
 1.1298035E+00  2.9687541E+05
 1.1378398E+00  3.0097762E+05
 1.1458760E+00  3.1132016E+05
 1.1539123E+00  3.0618256E+05
 1.1619487E+00  3.0974191E+05
 1.1699849E+00  3.1678866E+05
 1.1780212E+00  3.1498756E+05
 1.1860574E+00  3.1460941E+05
 1.1940937E+00  3.2064609E+05
 1.2021300E+00  3.2177756E+05
 1.2101662E+00  3.2502900E+05
 1.2182025E+00  3.3053847E+05
 1.2262387E+00  3.2165975E+05
 1.2342750E+00  3.3120178E+05
 1.2423114E+00  3.3069344E+05
 1.2503476E+00  3.2759425E+05
 1.2583839E+00  3.3591462E+05
 1.2664201E+00  3.3710091E+05
 1.2744564E+00  3.4295184E+05
 1.2824926E+00  3.5562688E+05
 1.2905289E+00  3.4875675E+05
 1.2985651E+00  3.4442350E+05
 1.3066014E+00  3.3965950E+05
 1.3146377E+00  3.4432088E+05
 1.3226740E+00  3.4523600E+05
 1.3307103E+00  3.4879109E+05
 1.3387465E+00  3.6046309E+05
 1.3467828E+00  3.6387650E+05
 1.3548191E+00  3.5864231E+05
 1.3628553E+00  3.5732341E+05
 1.3708916E+00  3.5338388E+05
 1.3789278E+00  3.5608300E+05
 1.3869641E+00  3.5493706E+05
 1.3950003E+00  3.6714238E+05
 1.4030367E+00  3.6731012E+05
 1.4110730E+00  3.6227862E+05
 1.4191092E+00  3.7789022E+05
 1.4271455E+00  3.7640472E+05
 1.4351817E+00  3.7377341E+05
 1.4432180E+00  3.6756200E+05
 1.4512542E+00  3.7149000E+05
 1.4592905E+00  3.7464784E+05
 1.4673268E+00  3.6182547E+05
 1.4753631E+00  3.6439284E+05
 1.4833994E+00  3.7036294E+05
 1.4914356E+00  3.6946669E+05
 1.4994719E+00  3.7579331E+05
 1.5075082E+00  3.7002953E+05
 1.5155444E+00  3.7178572E+05
 1.5235807E+00  3.8372988E+05
 1.5316169E+00  3.7620534E+05
 1.5396532E+00  3.7549784E+05
 1.5476894E+00  3.8557234E+05
 1.5557258E+00  3.6881244E+05
 1.5637621E+00  3.6045109E+05
 1.5717983E+00  3.7190803E+05
 1.5798346E+00  3.6865344E+05
 1.5878708E+00  3.6497288E+05
 1.5959071E+00  3.7564378E+05
 1.6039433E+00  3.7322356E+05
 1.6119796E+00  3.7946516E+05
 1.6200159E+00  3.8006194E+05
 1.6280521E+00  3.7192428E+05
 1.6360885E+00  3.6770369E+05
 1.6441247E+00  3.6837553E+05
 1.6521610E+00  3.6579947E+05
 1.6601973E+00  3.6050875E+05
 1.6682335E+00  3.6791788E+05
 1.6762698E+00  3.6207744E+05
 1.6843060E+00  3.6058947E+05
 1.6923423E+00  3.5576766E+05
 1.7003785E+00  3.6425638E+05
 1.7084148E+00  3.6601672E+05
 1.7164512E+00  3.6597109E+05
 1.7244874E+00  3.6576538E+05
 1.7325237E+00  3.5978625E+05
 1.7405599E+00  3.6145656E+05
 1.7485962E+00  3.6086938E+05
 1.7566324E+00  3.5320278E+05
 1.7646687E+00  3.5714900E+05
 1.7727050E+00  3.5819188E+05
 1.7807412E+00  3.5128712E+05
 1.7887775E+00  3.5255762E+05
 1.7968138E+00  3.5237522E+05
 1.8048501E+00  3.5109562E+05
 1.8128864E+00  3.4819969E+05
 1.8209226E+00  3.4664934E+05
 1.8289589E+00  3.4634731E+05
 1.8369951E+00  3.3300800E+05
 1.8450314E+00  3.3594109E+05
 1.8530676E+00  3.4526622E+05
 1.8611039E+00  3.4181831E+05
 1.8691401E+00  3.3613484E+05
 1.8771765E+00  3.3463772E+05
 1.8852128E+00  3.3660034E+05
 1.8932490E+00  3.3254388E+05
 1.9012853E+00  3.2891241E+05
 1.9093215E+00  3.2525362E+05
 1.9173578E+00  3.2657969E+05
 1.9253941E+00  3.2529644E+05
 1.9334303E+00  3.2008188E+05
 1.9414666E+00  3.1300253E+05
 1.9495029E+00  3.1768425E+05
 1.9575392E+00  3.1982319E+05
 1.9655755E+00  3.1456812E+05
 1.9736117E+00  3.0377866E+05
 1.9816480E+00  3.0658038E+05
 1.9896842E+00  3.0908591E+05
 1.9977205E+00  3.0591122E+05
 2.0057569E+00  3.0202588E+05
 2.0137930E+00  2.9382350E+05
 2.0218294E+00  2.9264425E+05
 2.0298657E+00  2.8849091E+05
 2.0379019E+00  2.9454575E+05
 2.0459383E+00  2.8903569E+05
 2.0539744E+00  2.8509322E+05
 2.0620108E+00  2.7489728E+05
 2.0700469E+00  2.7330881E+05
 2.0780833E+00  2.7651916E+05
 2.0861194E+00  2.6876622E+05
 2.0941558E+00  2.6982791E+05
 2.1021919E+00  2.7022831E+05
 2.1102283E+00  2.7525744E+05
 2.1182647E+00  2.7114416E+05
 2.1263008E+00  2.6506638E+05
 2.1343369E+00  2.6856922E+05
 2.1423733E+00  2.6418494E+05
 2.1504097E+00  2.6212744E+05
 2.1584458E+00  2.6628159E+05
 2.1664822E+00  2.5921917E+05
 2.1745183E+00  2.4603308E+05
 2.1825547E+00  2.5291795E+05
 2.1905909E+00  2.4939670E+05
 2.1986272E+00  2.4477969E+05
 2.2066634E+00  2.4353767E+05
 2.2146997E+00  2.3544809E+05
 2.2227359E+00  2.2659719E+05
 2.2307723E+00  2.3652575E+05
 2.2388086E+00  2.2862902E+05
 2.2468448E+00  2.2757558E+05
 2.2548811E+00  2.2884897E+05
 2.2629173E+00  2.2248503E+05
 2.2709537E+00  2.2724836E+05
 2.2789898E+00  2.1965955E+05
 2.2870262E+00  2.2162248E+05
 2.2950623E+00  2.1812500E+05
 2.3030987E+00  2.1999120E+05
 2.3111351E+00  2.1364744E+05
 2.3191712E+00  2.1837425E+05
 2.3272076E+00  2.0259731E+05
 2.3352437E+00  1.9991566E+05
 2.3432801E+00  2.0229822E+05
 2.3513162E+00  1.9851192E+05
 2.3593526E+00  1.9689403E+05
 2.3673887E+00  1.9601823E+05
 2.3754251E+00  1.9086223E+05
 2.3834612E+00  1.9423212E+05
 2.3914976E+00  1.9242498E+05
 2.3995340E+00  1.9237059E+05
 2.4075701E+00  1.8606597E+05
 2.4156065E+00  1.9125670E+05
 2.4236426E+00  1.8591758E+05
 2.4316790E+00  1.7927552E+05
 2.4397151E+00  1.7445892E+05
 2.4477515E+00  1.7611909E+05
 2.4557877E+00  1.7469159E+05
 2.4638240E+00  1.6589558E+05
 2.4718604E+00  1.6403277E+05
 2.4798965E+00  1.6663992E+05
 2.4879329E+00  1.5202405E+05
 2.4959691E+00  1.5781159E+05
 2.5040054E+00  1.5131305E+05
 2.5120416E+00  1.4704570E+05
 2.5200779E+00  1.5268541E+05
 2.5281141E+00  1.4815672E+05
 2.5361505E+00  1.5017341E+05
 2.5441868E+00  1.5072327E+05
 2.5522230E+00  1.4403177E+05
 2.5602593E+00  1.4708653E+05
 2.5682955E+00  1.3697698E+05
 2.5763319E+00  1.4141820E+05
 2.5843680E+00  1.3933841E+05
 2.5924044E+00  1.3175483E+05
 2.6004405E+00  1.3271266E+05
 2.6084769E+00  1.3468973E+05
 2.6165130E+00  1.2359711E+05
 2.6245494E+00  1.2955424E+05
 2.6325858E+00  1.2423750E+05
 2.6406219E+00  1.1706173E+05
 2.6486583E+00  1.2101364E+05
 2.6566944E+00  1.1953966E+05
 2.6647308E+00  1.1660170E+05
 2.6727669E+00  1.1360506E+05
 2.6808033E+00  1.1561514E+05
 2.6888394E+00  1.1572205E+05
 2.6968758E+00  1.1719609E+05
 2.7049122E+00  1.1635026E+05
 2.7129483E+00  1.1199302E+05
 2.7209847E+00  1.0328537E+05
 2.7290208E+00  9.7164836E+04
 2.7370572E+00  1.0717402E+05
 2.7450933E+00  1.1114934E+05
 2.7531297E+00  9.8612578E+04
 2.7611659E+00  9.7082586E+04
 2.7692022E+00  9.4882836E+04
 2.7772384E+00  1.0174543E+05
 2.7852747E+00  1.0062312E+05
 2.7933111E+00  9.6162422E+04
 2.8013473E+00  1.0096384E+05
 2.8093836E+00  9.2002445E+04
 2.8174198E+00  8.2267039E+04
 2.8254561E+00  8.5016453E+04
 2.8334923E+00  9.1389492E+04
 2.8415287E+00  9.0277016E+04
 2.8495648E+00  9.0041500E+04
 2.8576012E+00  8.1178789E+04
 2.8656375E+00  7.7464969E+04
 2.8736737E+00  8.4078125E+04
 2.8817101E+00  8.0142750E+04
 2.8897462E+00  7.8753664E+04
 2.8977826E+00  7.4631914E+04
 2.9058187E+00  7.5849297E+04
 2.9138551E+00  7.7833180E+04
 2.9218912E+00  7.6614141E+04
 2.9299276E+00  7.8990516E+04
 2.9379637E+00  7.6561336E+04
 2.9460001E+00  7.5401312E+04
 2.9540365E+00  7.6548469E+04
 2.9620726E+00  7.1823922E+04
 2.9701090E+00  7.1425977E+04
 2.9781451E+00  7.3967555E+04
 2.9861815E+00  6.8396664E+04
 2.9942176E+00  7.0490320E+04
 3.0022540E+00  7.1718727E+04
 3.0102901E+00  6.6289422E+04
 3.0183265E+00  6.4329453E+04
 3.0263629E+00  6.3417480E+04
 3.0343990E+00  5.8371207E+04
 3.0424354E+00  6.1133480E+04
 3.0504715E+00  5.2052086E+04
 3.0585079E+00  5.6914055E+04
 3.0665441E+00  5.8908516E+04
 3.0745804E+00  6.4321789E+04
 3.0826166E+00  7.0554398E+04
 3.0906529E+00  6.2191797E+04
 3.0986893E+00  6.1082887E+04
 3.1067255E+00  6.3612801E+04
 3.1147618E+00  6.4988379E+04
 3.1227980E+00  5.6176965E+04
 3.1308343E+00  5.6148520E+04
 3.1388705E+00  5.1877012E+04
 3.1469069E+00  6.0944559E+04
 3.1549430E+00  5.8617801E+04
 3.1629794E+00  5.2169055E+04
 3.1710155E+00  5.9638242E+04
 3.1790519E+00  5.3412324E+04
 3.1870883E+00  5.6443035E+04
 3.1951244E+00  5.2362910E+04
 3.2031608E+00  5.3418855E+04
 3.2111969E+00  5.0834367E+04
 3.2192333E+00  5.8432719E+04
 3.2272694E+00  5.6797254E+04
 3.2353058E+00  5.0808949E+04
 3.2433419E+00  4.9145238E+04
 3.2513783E+00  4.9112582E+04
 3.2594147E+00  4.7983613E+04
 3.2674508E+00  5.2186703E+04
 3.2754872E+00  4.6499410E+04
 3.2835233E+00  4.5066215E+04
 3.2915597E+00  4.5965461E+04
 3.2995958E+00  4.1493215E+04
 3.3076322E+00  4.3444719E+04
 3.3156683E+00  4.3825223E+04
 3.3237047E+00  4.9255336E+04
 3.3317409E+00  5.1736855E+04
 3.3397772E+00  4.6153344E+04
 3.3478136E+00  5.1164371E+04
 3.3558497E+00  4.9337355E+04
 3.3638861E+00  4.2702754E+04
 3.3719223E+00  4.0520770E+04
 3.3799586E+00  4.6629727E+04
 3.3879948E+00  5.0695328E+04
 3.3960311E+00  4.6411887E+04
 3.4040673E+00  4.4706746E+04
 3.4121037E+00  4.3589965E+04
 3.4201400E+00  4.6926191E+04
 3.4281762E+00  4.9446875E+04
 3.4362125E+00  4.3529285E+04
 3.4442487E+00  4.6153547E+04
 3.4522851E+00  3.8481281E+04
 3.4603212E+00  4.0159566E+04
 3.4683576E+00  4.9462832E+04
 3.4763937E+00  4.8795555E+04
 3.4844301E+00  4.3846855E+04
 3.4924664E+00  4.0107680E+04
 3.5005026E+00  3.7301926E+04
 3.5085390E+00  3.5670992E+04
 3.5165751E+00  3.9116398E+04
 3.5246115E+00  3.5464730E+04
 3.5326476E+00  4.1028637E+04
 3.5406840E+00  4.3765730E+04
 3.5487201E+00  4.1639316E+04
 3.5567565E+00  4.3341848E+04
 3.5647926E+00  4.7243254E+04
 3.5728290E+00  4.9335109E+04
 3.5808654E+00  4.6066406E+04
 3.5889015E+00  4.4849051E+04
 3.5969379E+00  3.9156980E+04
 3.6049740E+00  4.2751402E+04
 3.6130104E+00  3.9095832E+04
 3.6210465E+00  4.6065449E+04
 3.6290829E+00  4.1210703E+04
 3.6371191E+00  4.6217102E+04
 3.6451554E+00  4.1295574E+04
 3.6531918E+00  4.8293891E+04
 3.6612279E+00  4.7824488E+04
 3.6692643E+00  3.8796570E+04
 3.6773005E+00  4.6100645E+04
 3.6853368E+00  4.2809848E+04
 3.6933730E+00  4.3046996E+04
 3.7014093E+00  4.5259082E+04
 3.7094455E+00  4.5485340E+04
 3.7174819E+00  4.1408117E+04
 3.7255180E+00  4.3176039E+04
 3.7335544E+00  4.8983168E+04
 3.7415907E+00  4.7246836E+04
 3.7496269E+00  4.3813855E+04
 3.7576632E+00  4.3050094E+04
 3.7656994E+00  4.8834492E+04
 3.7737358E+00  4.5138465E+04
 3.7817719E+00  4.3627746E+04
 3.7898083E+00  4.3790289E+04
 3.7978444E+00  3.9647695E+04
 3.8058808E+00  3.9870703E+04
 3.8139172E+00  3.5931664E+04
 3.8219533E+00  4.0410004E+04
 3.8299897E+00  3.8935852E+04
 3.8380258E+00  3.1321986E+04
 3.8460622E+00  3.6368832E+04
 3.8540983E+00  4.4936129E+04
 3.8621347E+00  4.4364055E+04
 3.8701708E+00  3.9171859E+04
 3.8782072E+00  3.8065883E+04
 3.8862433E+00  3.9967918E+04
 3.8942797E+00  4.3425309E+04
 3.9023161E+00  4.3071301E+04
 3.9103522E+00  3.9559199E+04
 3.9183886E+00  3.7140879E+04
 3.9264247E+00  4.1248727E+04
 3.9344611E+00  4.2777223E+04
 3.9424973E+00  4.2461984E+04
 3.9505336E+00  4.6166391E+04
 3.9585698E+00  3.7586293E+04
 3.9666061E+00  3.7602137E+04
 3.9746425E+00  4.2359434E+04
 3.9826787E+00  4.8485422E+04
 3.9907150E+00  4.3076609E+04
 3.9987512E+00  3.7043000E+04
 4.0067878E+00  4.0052480E+04
 4.0148239E+00  3.5053234E+04
 4.0228601E+00  4.1680066E+04
 4.0308962E+00  4.2246723E+04
 4.0389328E+00  4.0525133E+04
 4.0469689E+00  4.3258836E+04
 4.0550051E+00  3.4494684E+04
 4.0630417E+00  3.0338656E+04
 4.0710778E+00  4.0070316E+04
 4.0791140E+00  3.4599250E+04
 4.0871501E+00  3.5726895E+04
 4.0951867E+00  4.1124469E+04
 4.1032228E+00  4.4545539E+04
 4.1112590E+00  3.6097609E+04
 4.1192951E+00  3.7328160E+04
 4.1273317E+00  3.4400352E+04
 4.1353679E+00  3.0770910E+04
 4.1434040E+00  3.3262977E+04
 4.1514401E+00  4.2418012E+04
 4.1594768E+00  4.3744691E+04
 4.1675129E+00  4.6871762E+04
 4.1755490E+00  3.9157711E+04
 4.1835852E+00  4.3790039E+04
 4.1916218E+00  4.4578223E+04
 4.1996579E+00  4.6498785E+04
 4.2076941E+00  4.2413930E+04
 4.2157307E+00  4.3779809E+04
 4.2237668E+00  4.6760809E+04
 4.2318029E+00  4.3414879E+04
 4.2398391E+00  3.9335012E+04
 4.2478757E+00  4.4760074E+04
 4.2559118E+00  3.6336344E+04
 4.2639480E+00  3.5818602E+04
 4.2719841E+00  2.4443055E+04
 4.2800207E+00  3.1946506E+04
 4.2880569E+00  4.1372684E+04
 4.2960930E+00  4.0299770E+04
 4.3041296E+00  3.9915691E+04
 4.3121657E+00  4.0116516E+04
 4.3202019E+00  4.2080184E+04
 4.3282380E+00  3.9857141E+04
 4.3362746E+00  3.9338250E+04
 4.3443108E+00  3.0165549E+04
 4.3523469E+00  3.4393594E+04
 4.3603830E+00  3.9223211E+04
 4.3684196E+00  4.0237281E+04
 4.3764558E+00  4.0986574E+04
 4.3844919E+00  4.0389793E+04
 4.3925285E+00  3.5709992E+04
 4.4005647E+00  3.7517637E+04
 4.4086008E+00  3.8112961E+04
 4.4166369E+00  4.3674898E+04
 4.4246736E+00  4.4914160E+04
 4.4327097E+00  3.6339980E+04
 4.4407458E+00  3.7991402E+04
 4.4487824E+00  3.8995258E+04
 4.4568186E+00  3.5713352E+04
 4.4648547E+00  4.2987984E+04
 4.4728909E+00  3.6368965E+04
 4.4809275E+00  3.0708793E+04
 4.4889636E+00  3.9922035E+04
 4.4969997E+00  3.4234789E+04
 4.5050359E+00  3.7000238E+04
 4.5130725E+00  2.9603289E+04
 4.5211086E+00  3.2892277E+04
 4.5291448E+00  3.3500605E+04
 4.5371814E+00  3.0967256E+04
 4.5452175E+00  4.0313543E+04
 4.5532537E+00  4.0184926E+04
 4.5612898E+00  3.5112781E+04
 4.5693264E+00  3.5631473E+04
 4.5773625E+00  3.3976484E+04
 4.5853987E+00  3.8078691E+04
 4.5934348E+00  3.8342098E+04
 4.6014714E+00  3.5607770E+04
 4.6095076E+00  3.5230090E+04
 4.6175437E+00  4.1154547E+04
 4.6255803E+00  3.3503633E+04
 4.6336164E+00  3.5634812E+04
 4.6416526E+00  4.1137578E+04
 4.6496887E+00  3.2090172E+04
 4.6577253E+00  3.6146398E+04
 4.6657615E+00  3.8733473E+04
 4.6737976E+00  4.2973684E+04
 4.6818342E+00  3.5566035E+04
 4.6898704E+00  3.9243105E+04
 4.6979065E+00  3.6951520E+04
 4.7059426E+00  3.4890832E+04
 4.7139792E+00  4.4693156E+04
 4.7220154E+00  4.1566609E+04
 4.7300515E+00  3.5521941E+04
 4.7380877E+00  4.3073770E+04
 4.7461243E+00  3.2765971E+04
 4.7541604E+00  3.0240842E+04
 4.7621965E+00  3.1108301E+04
 4.7702332E+00  3.6166344E+04
 4.7782693E+00  2.8555275E+04
 4.7863054E+00  3.9182031E+04
 4.7943416E+00  3.6310070E+04
 4.8023782E+00  4.2714387E+04
 4.8104143E+00  3.9220988E+04
 4.8184505E+00  3.1073359E+04
 4.8264866E+00  3.6767797E+04
 4.8345232E+00  4.1969707E+04
 4.8425593E+00  4.2954531E+04
 4.8505955E+00  4.0880816E+04
 4.8586321E+00  3.5346484E+04
 4.8666682E+00  2.9819758E+04
 4.8747044E+00  3.5620828E+04
 4.8827405E+00  3.0571820E+04
 4.8907771E+00  5.0285637E+04
 4.8988132E+00  3.0746211E+04
 4.9068494E+00  2.5112893E+04
 4.9148855E+00  2.8325023E+04
 4.9229221E+00  3.5411105E+04
 4.9309583E+00  1.8011059E+04
 4.9389944E+00  2.0571023E+04
 4.9470310E+00  3.4693336E+04
 4.9550672E+00  4.2242176E+04
 4.9631033E+00  4.6354730E+04
 4.9711394E+00  2.7786805E+04
 4.9791760E+00  4.0153918E+04
 4.9872122E+00  3.0379004E+04
 4.9952483E+00  4.4985148E+04
 5.0032849E+00  2.7331182E+04
 5.0113211E+00  2.8179521E+04
 5.0193572E+00  3.3264730E+04
